grid_lat,grid_lon,total_sample,mw_sample,mw_ratio,sub6_sample,sub6_ratio,5g_sample,5g_ratio,lte_sample,lte_ratio,total_cs_sample,mw_cs_sample,mw_cs_ratio,sub6_cs_sample,sub6_cs_ratio,5g_cs_sample,5g_cs_sample,lte_cs_sample,lte_cs_ratio
-87.6835,41.8775,2301,0,0,971,0.421990439,971,0.421990439,1330,0.578009561,9,0,0,4,0.444444444,4,0.444444444,5,0.555555556
-87.6835,41.878,474,0,0,207,0.436708861,207,0.436708861,267,0.563291139,9,0,0,4,0.444444444,4,0.444444444,5,0.555555556
-87.6835,41.8785,1296,0,0,583,0.449845679,583,0.449845679,713,0.550154321,11,0,0,5,0.454545455,5,0.454545455,6,0.545454545
-87.6835,41.879,6623,0,0,6358,0.959987921,6358,0.959987921,265,0.040012079,13,0,0,8,0.615384615,8,0.615384615,5,0.384615385
-87.6835,41.8795,1103,0,0,758,0.687216682,758,0.687216682,345,0.312783318,13,0,0,8,0.615384615,8,0.615384615,5,0.384615385
-87.6835,41.88,915,0,0,540,0.590163934,540,0.590163934,375,0.409836066,13,0,0,8,0.615384615,8,0.615384615,5,0.384615385
-87.6835,41.8805,1274,0,0,1016,0.797488226,1016,0.797488226,258,0.202511774,12,0,0,7,0.583333333,7,0.583333333,5,0.416666667
-87.6835,41.881,2654,0,0,1527,0.57535795,1527,0.57535795,1127,0.42464205,14,0,0,8,0.571428571,8,0.571428571,6,0.428571429
-87.6835,41.8815,488,0,0,229,0.469262295,229,0.469262295,259,0.530737705,4,0,0,3,0.75,3,0.75,1,0.25
-87.6835,41.882,838,0,0,473,0.564439141,473,0.564439141,365,0.435560859,8,0,0,6,0.75,6,0.75,2,0.25
-87.6835,41.8825,560,0,0,516,0.921428571,516,0.921428571,44,0.078571429,10,0,0,7,0.7,7,0.7,3,0.3
-87.6835,41.883,781,0,0,510,0.653008963,510,0.653008963,271,0.346991037,14,0,0,11,0.785714286,11,0.785714286,3,0.214285714
-87.6835,41.8835,86,0,0,0,0,0,0,86,1,1,0,0,0,0,0,0,1,1
-87.683,41.881,356,0,0,258,0.724719101,258,0.724719101,98,0.275280899,6,0,0,3,0.5,3,0.5,3,0.5
-87.683,41.883,685,0,0,192,0.280291971,192,0.280291971,493,0.719708029,20,0,0,11,0.55,11,0.55,9,0.45
-87.682,41.8775,417,0,0,183,0.438848921,183,0.438848921,234,0.561151079,18,0,0,9,0.5,9,0.5,9,0.5
-87.6815,41.8775,2176,0,0,1144,0.525735294,1144,0.525735294,1032,0.474264706,13,0,0,8,0.615384615,8,0.615384615,5,0.384615385
-87.6815,41.8785,1826,0,0,1632,0.893756846,1632,0.893756846,194,0.106243154,30,0,0,24,0.8,24,0.8,6,0.2
-87.6815,41.879,819,0,0,739,0.902319902,739,0.902319902,80,0.097680098,24,0,0,22,0.916666667,22,0.916666667,2,0.083333333
-87.6815,41.8795,1788,0,0,1722,0.963087248,1722,0.963087248,66,0.036912752,37,0,0,31,0.837837838,31,0.837837838,6,0.162162162
-87.6815,41.88,2793,0,0,2650,0.948800573,2650,0.948800573,143,0.051199427,39,0,0,35,0.897435897,35,0.897435897,4,0.102564103
-87.6815,41.8805,2872,0,0,2476,0.862116992,2476,0.862116992,396,0.137883008,89,0,0,70,0.786516854,70,0.786516854,19,0.213483146
-87.6815,41.881,10293,0,0,8747,0.849800836,8747,0.849800836,1546,0.150199164,152,0,0,101,0.664473684,101,0.664473684,51,0.335526316
-87.6815,41.8815,2492,0,0,2058,0.825842697,2058,0.825842697,434,0.174157303,52,0,0,40,0.769230769,40,0.769230769,12,0.230769231
-87.6815,41.882,7079,0,0,6275,0.886424636,6275,0.886424636,804,0.113575364,74,0,0,58,0.783783784,58,0.783783784,16,0.216216216
-87.6815,41.8825,4837,0,0,4282,0.885259458,4282,0.885259458,555,0.114740542,47,0,0,37,0.787234043,37,0.787234043,10,0.212765957
-87.6815,41.883,4764,0,0,4456,0.935348447,4456,0.935348447,308,0.064651553,47,0,0,37,0.787234043,37,0.787234043,10,0.212765957
-87.6815,41.8835,2318,0,0,2097,0.904659189,2097,0.904659189,221,0.095340811,20,0,0,17,0.85,17,0.85,3,0.15
-87.6815,41.884,1114,0,0,1055,0.947037702,1055,0.947037702,59,0.052962298,11,0,0,10,0.909090909,10,0.909090909,1,0.090909091
-87.6815,41.8845,2638,0,0,2562,0.971190296,2562,0.971190296,76,0.028809704,13,0,0,11,0.846153846,11,0.846153846,2,0.153846154
-87.6815,41.885,623,0,0,574,0.921348315,574,0.921348315,49,0.078651685,10,0,0,9,0.9,9,0.9,1,0.1
-87.6815,41.8855,674,0,0,622,0.922848665,622,0.922848665,52,0.077151335,10,0,0,9,0.9,9,0.9,1,0.1
-87.6815,41.886,644,0,0,589,0.914596273,589,0.914596273,55,0.085403727,10,0,0,9,0.9,9,0.9,1,0.1
-87.681,41.8775,2974,0,0,2684,0.902488231,2684,0.902488231,290,0.097511769,40,0,0,31,0.775,31,0.775,9,0.225
-87.681,41.878,1610,0,0,1361,0.845341615,1361,0.845341615,249,0.154658385,58,0,0,40,0.689655172,40,0.689655172,18,0.310344828
-87.681,41.8785,6734,0,0,5386,0.7998218,5386,0.7998218,1348,0.2001782,72,0,0,54,0.75,54,0.75,18,0.25
-87.681,41.879,2362,0,0,2048,0.867061812,2048,0.867061812,314,0.132938188,45,0,0,38,0.844444444,38,0.844444444,7,0.155555556
-87.681,41.8795,4603,0,0,3534,0.767760156,3534,0.767760156,1069,0.232239844,44,0,0,37,0.840909091,37,0.840909091,7,0.159090909
-87.681,41.88,1401,0,0,990,0.706638116,990,0.706638116,411,0.293361884,33,0,0,27,0.818181818,27,0.818181818,6,0.181818182
-87.681,41.8805,407,0,0,278,0.683046683,278,0.683046683,129,0.316953317,13,0,0,10,0.769230769,10,0.769230769,3,0.230769231
-87.681,41.881,5380,0,0,4809,0.893866171,4809,0.893866171,571,0.106133829,109,0,0,76,0.697247706,76,0.697247706,33,0.302752294
-87.681,41.8815,396,0,0,294,0.742424242,294,0.742424242,102,0.257575758,18,0,0,11,0.611111111,11,0.611111111,7,0.388888889
-87.681,41.882,1090,0,0,1048,0.96146789,1048,0.96146789,42,0.03853211,25,0,0,22,0.88,22,0.88,3,0.12
-87.681,41.8825,124,0,0,124,1,124,1,0,0,2,0,0,2,1,2,1,0,0
-87.681,41.883,1212,0,0,1028,0.848184818,1028,0.848184818,184,0.151815182,16,0,0,13,0.8125,13,0.8125,3,0.1875
-87.681,41.8845,125,0,0,125,1,125,1,0,0,2,0,0,2,1,2,1,0,0
-87.6805,41.8775,455,0,0,376,0.826373626,376,0.826373626,79,0.173626374,12,0,0,9,0.75,9,0.75,3,0.25
-87.6805,41.8785,23409,0,0,23125,0.987867914,23125,0.987867914,284,0.012132086,82,0,0,58,0.707317073,58,0.707317073,24,0.292682927
-87.6805,41.881,1833,0,0,1562,0.852154937,1562,0.852154937,271,0.147845063,45,0,0,37,0.822222222,37,0.822222222,8,0.177777778
-87.6805,41.882,693,0,0,662,0.955266955,662,0.955266955,31,0.044733045,16,0,0,15,0.9375,15,0.9375,1,0.0625
-87.6805,41.883,699,0,0,619,0.885550787,619,0.885550787,80,0.114449213,14,0,0,12,0.857142857,12,0.857142857,2,0.142857143
-87.6805,41.8845,78,0,0,78,1,78,1,0,0,2,0,0,2,1,2,1,0,0
-87.68,41.8775,426,0,0,354,0.830985915,354,0.830985915,72,0.169014085,10,0,0,8,0.8,8,0.8,2,0.2
-87.68,41.8785,2982,0,0,2513,0.842723005,2513,0.842723005,469,0.157276995,123,0,0,81,0.658536585,81,0.658536585,42,0.341463415
-87.68,41.881,1762,0,0,1458,0.827468785,1458,0.827468785,304,0.172531215,79,0,0,61,0.772151899,61,0.772151899,18,0.227848101
-87.68,41.882,670,0,0,642,0.958208955,642,0.958208955,28,0.041791045,16,0,0,15,0.9375,15,0.9375,1,0.0625
-87.68,41.883,683,0,0,603,0.882869693,603,0.882869693,80,0.117130307,14,0,0,12,0.857142857,12,0.857142857,2,0.142857143
-87.6795,41.8775,454,0,0,380,0.837004405,380,0.837004405,74,0.162995595,10,0,0,8,0.8,8,0.8,2,0.2
-87.6795,41.8785,2223,0,0,1975,0.888439046,1975,0.888439046,248,0.111560954,95,0,0,68,0.715789474,68,0.715789474,27,0.284210526
-87.6795,41.881,1827,0,0,1604,0.877941981,1604,0.877941981,223,0.122058019,65,0,0,55,0.846153846,55,0.846153846,10,0.153846154
-87.6795,41.882,773,0,0,741,0.958602846,741,0.958602846,32,0.041397154,16,0,0,15,0.9375,15,0.9375,1,0.0625
-87.6795,41.883,705,0,0,619,0.878014184,619,0.878014184,86,0.121985816,15,0,0,12,0.8,12,0.8,3,0.2
-87.679,41.8775,1097,0,0,1008,0.918869644,1008,0.918869644,89,0.081130356,18,0,0,16,0.888888889,16,0.888888889,2,0.111111111
-87.679,41.878,178,0,0,174,0.97752809,174,0.97752809,4,0.02247191,7,0,0,6,0.857142857,6,0.857142857,1,0.142857143
-87.679,41.8785,2731,0,0,2451,0.897473453,2451,0.897473453,280,0.102526547,67,0,0,53,0.791044776,53,0.791044776,14,0.208955224
-87.679,41.881,3416,0,0,2903,0.849824356,2903,0.849824356,513,0.150175644,71,0,0,58,0.816901408,58,0.816901408,13,0.183098592
-87.679,41.882,2307,0,0,2219,0.961855223,2219,0.961855223,88,0.038144777,23,0,0,19,0.826086957,19,0.826086957,4,0.173913043
-87.679,41.8825,207,0,0,201,0.971014493,201,0.971014493,6,0.028985507,5,0,0,4,0.8,4,0.8,1,0.2
-87.679,41.883,1050,0,0,939,0.894285714,939,0.894285714,111,0.105714286,16,0,0,14,0.875,14,0.875,2,0.125
-87.6785,41.8775,715,0,0,548,0.766433566,548,0.766433566,167,0.233566434,16,0,0,12,0.75,12,0.75,4,0.25
-87.6785,41.8785,3007,0,0,2790,0.927835052,2790,0.927835052,217,0.072164948,61,0,0,53,0.868852459,53,0.868852459,8,0.131147541
-87.6785,41.881,2896,0,0,2552,0.88121547,2552,0.88121547,344,0.11878453,50,0,0,45,0.9,45,0.9,5,0.1
-87.6785,41.882,959,0,0,880,0.917622523,880,0.917622523,79,0.082377477,48,0,0,36,0.75,36,0.75,12,0.25
-87.6785,41.883,3122,0,0,2822,0.903907751,2822,0.903907751,300,0.096092249,38,0,0,27,0.710526316,27,0.710526316,11,0.289473684
-87.678,41.8785,2095,0,0,1903,0.908353222,1903,0.908353222,192,0.091646778,61,0,0,51,0.836065574,51,0.836065574,10,0.163934426
-87.678,41.881,1972,0,0,1758,0.89148073,1758,0.89148073,214,0.10851927,69,0,0,56,0.811594203,56,0.811594203,13,0.188405797
-87.678,41.882,835,0,0,751,0.899401198,751,0.899401198,84,0.100598802,37,0,0,28,0.756756757,28,0.756756757,9,0.243243243
-87.678,41.883,837,0,0,692,0.826762246,692,0.826762246,145,0.173237754,50,0,0,35,0.7,35,0.7,15,0.3
-87.678,41.8845,63,0,0,63,1,63,1,0,0,2,0,0,2,1,2,1,0,0
-87.6775,41.8785,1876,0,0,1731,0.922707889,1731,0.922707889,145,0.077292111,55,0,0,47,0.854545455,47,0.854545455,8,0.145454545
-87.6775,41.881,1475,0,0,1269,0.860338983,1269,0.860338983,206,0.139661017,69,0,0,48,0.695652174,48,0.695652174,21,0.304347826
-87.6775,41.882,837,0,0,752,0.898446834,752,0.898446834,85,0.101553166,59,0,0,43,0.728813559,43,0.728813559,16,0.271186441
-87.6775,41.883,816,0,0,733,0.898284314,733,0.898284314,83,0.101715686,14,0,0,12,0.857142857,12,0.857142857,2,0.142857143
-87.6775,41.8845,103,0,0,103,1,103,1,0,0,3,0,0,3,1,3,1,0,0
-87.677,41.8785,1777,0,0,1637,0.921215532,1637,0.921215532,140,0.078784468,44,0,0,40,0.909090909,40,0.909090909,4,0.090909091
-87.677,41.881,2133,0,0,1901,0.891233005,1901,0.891233005,232,0.108766995,46,0,0,35,0.760869565,35,0.760869565,11,0.239130435
-87.677,41.882,1630,0,0,1345,0.825153374,1345,0.825153374,285,0.174846626,30,0,0,23,0.766666667,23,0.766666667,7,0.233333333
-87.677,41.883,871,0,0,754,0.865671642,754,0.865671642,117,0.134328358,14,0,0,12,0.857142857,12,0.857142857,2,0.142857143
-87.677,41.8845,102,0,0,97,0.950980392,97,0.950980392,5,0.049019608,7,0,0,6,0.857142857,6,0.857142857,1,0.142857143
-87.6765,41.8775,16518,0,0,10303,0.623743795,10303,0.623743795,6215,0.376256205,432,0,0,239,0.553240741,239,0.553240741,193,0.446759259
-87.6765,41.878,4559,0,0,3160,0.693134459,3160,0.693134459,1399,0.306865541,159,0,0,101,0.635220126,101,0.635220126,58,0.364779874
-87.6765,41.8785,13184,0,0,8764,0.664745146,8764,0.664745146,4420,0.335254854,373,0,0,227,0.608579088,227,0.608579088,146,0.391420912
-87.6765,41.879,6103,0,0,3999,0.655251516,3999,0.655251516,2104,0.344748484,157,0,0,107,0.681528662,107,0.681528662,50,0.318471338
-87.6765,41.8795,12293,0,0,7554,0.614496055,7554,0.614496055,4739,0.385503945,216,0,0,140,0.648148148,140,0.648148148,76,0.351851852
-87.6765,41.88,9803,0,0,8123,0.828623891,8123,0.828623891,1680,0.171376109,114,0,0,96,0.842105263,96,0.842105263,18,0.157894737
-87.6765,41.8805,7004,0,0,5209,0.743717875,5209,0.743717875,1795,0.256282125,119,0,0,93,0.781512605,93,0.781512605,26,0.218487395
-87.6765,41.881,40475,0,0,26647,0.658357011,26647,0.658357011,13828,0.341642989,506,0,0,290,0.57312253,290,0.57312253,216,0.42687747
-87.6765,41.8815,10674,0,0,8511,0.797358066,8511,0.797358066,2163,0.202641934,105,0,0,71,0.676190476,71,0.676190476,34,0.323809524
-87.6765,41.882,14181,0,0,9742,0.686975531,9742,0.686975531,4439,0.313024469,127,0,0,84,0.661417323,84,0.661417323,43,0.338582677
-87.6765,41.8825,5634,0,0,3752,0.665956692,3752,0.665956692,1882,0.334043308,67,0,0,44,0.656716418,44,0.656716418,23,0.343283582
-87.6765,41.883,12989,0,0,10512,0.809300177,10512,0.809300177,2477,0.190699823,73,0,0,52,0.712328767,52,0.712328767,21,0.287671233
-87.6765,41.8835,3285,0,0,2869,0.873363775,2869,0.873363775,416,0.126636225,30,0,0,24,0.8,24,0.8,6,0.2
-87.6765,41.884,1453,0,0,1226,0.843771507,1226,0.843771507,227,0.156228493,69,0,0,46,0.666666667,46,0.666666667,23,0.333333333
-87.6765,41.8845,2049,0,0,1875,0.915080527,1875,0.915080527,174,0.084919473,41,0,0,31,0.756097561,31,0.756097561,10,0.243902439
-87.6765,41.885,1425,0,0,1284,0.901052632,1284,0.901052632,141,0.098947368,19,0,0,16,0.842105263,16,0.842105263,3,0.157894737
-87.6765,41.8855,9348,0,0,4815,0.51508344,4815,0.51508344,4533,0.48491656,22,0,0,16,0.727272727,16,0.727272727,6,0.272727273
-87.6765,41.886,1023,0,0,725,0.708699902,725,0.708699902,298,0.291300098,19,0,0,14,0.736842105,14,0.736842105,5,0.263157895
-87.676,41.8775,2089,0,0,1051,0.503111537,1051,0.503111537,1038,0.496888463,80,0,0,50,0.625,50,0.625,30,0.375
-87.676,41.878,426,0,0,162,0.38028169,162,0.38028169,264,0.61971831,10,0,0,3,0.3,3,0.3,7,0.7
-87.676,41.8785,18047,0,0,11208,0.621045049,11208,0.621045049,6839,0.378954951,520,0,0,272,0.523076923,272,0.523076923,248,0.476923077
-87.676,41.881,9216,0,0,6616,0.717881944,6616,0.717881944,2600,0.282118056,142,0,0,90,0.633802817,90,0.633802817,52,0.366197183
-87.676,41.882,4382,0,0,4302,0.981743496,4302,0.981743496,80,0.018256504,26,0,0,23,0.884615385,23,0.884615385,3,0.115384615
-87.676,41.883,5964,0,0,4775,0.800637156,4775,0.800637156,1189,0.199362844,47,0,0,32,0.680851064,32,0.680851064,15,0.319148936
-87.676,41.8845,368,0,0,368,1,368,1,0,0,6,0,0,6,1,6,1,0,0
-87.676,41.885,64,0,0,64,1,64,1,0,0,1,0,0,1,1,1,1,0,0
-87.6755,41.8775,305,0,0,265,0.868852459,265,0.868852459,40,0.131147541,14,0,0,11,0.785714286,11,0.785714286,3,0.214285714
-87.6755,41.8785,3366,0,0,2378,0.70647653,2378,0.70647653,988,0.29352347,78,0,0,59,0.756410256,59,0.756410256,19,0.243589744
-87.6755,41.881,9432,0,0,7567,0.802268872,7567,0.802268872,1865,0.197731128,135,0,0,85,0.62962963,85,0.62962963,50,0.37037037
-87.6755,41.882,1054,0,0,990,0.939278937,990,0.939278937,64,0.060721063,27,0,0,23,0.851851852,23,0.851851852,4,0.148148148
-87.6755,41.883,2699,0,0,1883,0.697665802,1883,0.697665802,816,0.302334198,43,0,0,31,0.720930233,31,0.720930233,12,0.279069767
-87.6755,41.8845,178,0,0,178,1,178,1,0,0,4,0,0,4,1,4,1,0,0
-87.6755,41.885,166,0,0,166,1,166,1,0,0,4,0,0,4,1,4,1,0,0
-87.675,41.8775,483,0,0,434,0.898550725,434,0.898550725,49,0.101449275,26,0,0,23,0.884615385,23,0.884615385,3,0.115384615
-87.675,41.8785,3037,0,0,2194,0.722423444,2194,0.722423444,843,0.277576556,72,0,0,57,0.791666667,57,0.791666667,15,0.208333333
-87.675,41.881,13742,0,0,9162,0.66671518,9162,0.66671518,4580,0.33328482,169,0,0,100,0.591715976,100,0.591715976,69,0.408284024
-87.675,41.882,996,0,0,939,0.942771084,939,0.942771084,57,0.057228916,23,0,0,21,0.913043478,21,0.913043478,2,0.086956522
-87.675,41.883,2550,0,0,1773,0.695294118,1773,0.695294118,777,0.304705882,46,0,0,32,0.695652174,32,0.695652174,14,0.304347826
-87.675,41.8845,76,0,0,76,1,76,1,0,0,3,0,0,3,1,3,1,0,0
-87.675,41.885,261,0,0,261,1,261,1,0,0,8,0,0,8,1,8,1,0,0
-87.6745,41.8775,1730,0,0,1549,0.895375723,1549,0.895375723,181,0.104624277,43,0,0,30,0.697674419,30,0.697674419,13,0.302325581
-87.6745,41.8785,3008,0,0,2160,0.718085106,2160,0.718085106,848,0.281914894,76,0,0,60,0.789473684,60,0.789473684,16,0.210526316
-87.6745,41.881,4767,0,0,3197,0.670652402,3197,0.670652402,1570,0.329347598,74,0,0,53,0.716216216,53,0.716216216,21,0.283783784
-87.6745,41.882,1004,0,0,949,0.945219124,949,0.945219124,55,0.054780876,21,0,0,19,0.904761905,19,0.904761905,2,0.095238095
-87.6745,41.883,2603,0,0,1796,0.689973108,1796,0.689973108,807,0.310026892,45,0,0,32,0.711111111,32,0.711111111,13,0.288888889
-87.6745,41.885,335,0,0,335,1,335,1,0,0,8,0,0,8,1,8,1,0,0
-87.674,41.8775,986,0,0,865,0.877281947,865,0.877281947,121,0.122718053,38,0,0,30,0.789473684,30,0.789473684,8,0.210526316
-87.674,41.8785,3135,0,0,2299,0.733333333,2299,0.733333333,836,0.266666667,68,0,0,55,0.808823529,55,0.808823529,13,0.191176471
-87.674,41.881,16897,0,0,9261,0.548085459,9261,0.548085459,7636,0.451914541,339,0,0,184,0.542772861,184,0.542772861,155,0.457227139
-87.674,41.882,1072,0,0,1017,0.94869403,1017,0.94869403,55,0.05130597,21,0,0,19,0.904761905,19,0.904761905,2,0.095238095
-87.674,41.883,2861,0,0,2011,0.702901084,2011,0.702901084,850,0.297098916,48,0,0,33,0.6875,33,0.6875,15,0.3125
-87.674,41.885,606,0,0,606,1,606,1,0,0,9,0,0,9,1,9,1,0,0
-87.674,41.8855,177,0,0,177,1,177,1,0,0,1,0,0,1,1,1,1,0,0
-87.6735,41.8775,887,0,0,752,0.847801578,752,0.847801578,135,0.152198422,37,0,0,28,0.756756757,28,0.756756757,9,0.243243243
-87.6735,41.8785,3400,0,0,2547,0.749117647,2547,0.749117647,853,0.250882353,66,0,0,55,0.833333333,55,0.833333333,11,0.166666667
-87.6735,41.881,4667,0,0,3091,0.662309835,3091,0.662309835,1576,0.337690165,83,0,0,56,0.674698795,56,0.674698795,27,0.325301205
-87.6735,41.882,1027,0,0,973,0.947419669,973,0.947419669,54,0.052580331,21,0,0,19,0.904761905,19,0.904761905,2,0.095238095
-87.6735,41.883,2712,0,0,1823,0.67219764,1823,0.67219764,889,0.32780236,71,0,0,45,0.633802817,45,0.633802817,26,0.366197183
-87.6735,41.885,327,0,0,327,1,327,1,0,0,8,0,0,8,1,8,1,0,0
-87.673,41.8775,930,0,0,797,0.856989247,797,0.856989247,133,0.143010753,33,0,0,27,0.818181818,27,0.818181818,6,0.181818182
-87.673,41.8785,3296,0,0,2383,0.722997573,2383,0.722997573,913,0.277002427,66,0,0,55,0.833333333,55,0.833333333,11,0.166666667
-87.673,41.881,4738,0,0,3083,0.650696496,3083,0.650696496,1655,0.349303504,109,0,0,70,0.642201835,70,0.642201835,39,0.357798165
-87.673,41.882,1025,0,0,969,0.945365854,969,0.945365854,56,0.054634146,21,0,0,19,0.904761905,19,0.904761905,2,0.095238095
-87.673,41.883,2691,0,0,1717,0.638052768,1717,0.638052768,974,0.361947232,129,0,0,79,0.612403101,79,0.612403101,50,0.387596899
-87.673,41.885,338,0,0,338,1,338,1,0,0,8,0,0,8,1,8,1,0,0
-87.6725,41.8775,1032,0,0,890,0.862403101,890,0.862403101,142,0.137596899,37,0,0,30,0.810810811,30,0.810810811,7,0.189189189
-87.6725,41.8785,3742,0,0,2721,0.727151256,2721,0.727151256,1021,0.272848744,65,0,0,53,0.815384615,53,0.815384615,12,0.184615385
-87.6725,41.881,7195,0,0,5397,0.750104239,5397,0.750104239,1798,0.249895761,176,0,0,121,0.6875,121,0.6875,55,0.3125
-87.6725,41.882,1078,0,0,1021,0.947124304,1021,0.947124304,57,0.052875696,27,0,0,25,0.925925926,25,0.925925926,2,0.074074074
-87.6725,41.883,2752,0,0,1754,0.637354651,1754,0.637354651,998,0.362645349,141,0,0,87,0.617021277,87,0.617021277,54,0.382978723
-87.6725,41.885,454,0,0,454,1,454,1,0,0,8,0,0,8,1,8,1,0,0
-87.672,41.8775,1223,0,0,1025,0.838103025,1025,0.838103025,198,0.161896975,39,0,0,30,0.769230769,30,0.769230769,9,0.230769231
-87.672,41.8785,4069,0,0,2667,0.655443598,2667,0.655443598,1402,0.344556402,188,0,0,116,0.617021277,116,0.617021277,72,0.382978723
-87.672,41.879,146,0,0,146,1,146,1,0,0,2,0,0,2,1,2,1,0,0
-87.672,41.881,6517,0,0,4066,0.623906706,4066,0.623906706,2451,0.376093294,303,0,0,208,0.686468647,208,0.686468647,95,0.313531353
-87.672,41.8815,90,0,0,90,1,90,1,0,0,1,0,0,1,1,1,1,0,0
-87.672,41.882,1740,0,0,1659,0.953448276,1659,0.953448276,81,0.046551724,32,0,0,30,0.9375,30,0.9375,2,0.0625
-87.672,41.883,3210,0,0,2063,0.642679128,2063,0.642679128,1147,0.357320872,159,0,0,95,0.597484277,95,0.597484277,64,0.402515723
-87.672,41.885,1048,0,0,1032,0.984732824,1032,0.984732824,16,0.015267176,16,0,0,13,0.8125,13,0.8125,3,0.1875
-87.672,41.886,108,0,0,108,1,108,1,0,0,1,0,0,1,1,1,1,0,0
-87.6715,41.8775,6677,0,0,4972,0.744645799,4972,0.744645799,1705,0.255354201,73,0,0,54,0.739726027,54,0.739726027,19,0.260273973
-87.6715,41.878,2097,0,0,1502,0.716261326,1502,0.716261326,595,0.283738674,60,0,0,39,0.65,39,0.65,21,0.35
-87.6715,41.8785,21932,0,0,11809,0.538436987,11809,0.538436987,10123,0.461563013,634,0,0,350,0.552050473,350,0.552050473,284,0.447949527
-87.6715,41.879,6512,0,0,4273,0.656173219,4273,0.656173219,2239,0.343826781,106,0,0,66,0.622641509,66,0.622641509,40,0.377358491
-87.6715,41.8795,8339,0,0,5984,0.717592037,5984,0.717592037,2355,0.282407963,86,0,0,63,0.73255814,63,0.73255814,23,0.26744186
-87.6715,41.88,11675,0,0,8017,0.686680942,8017,0.686680942,3658,0.313319058,301,0,0,174,0.57807309,174,0.57807309,127,0.42192691
-87.6715,41.8805,4792,0,0,2850,0.594741235,2850,0.594741235,1942,0.405258765,201,0,0,111,0.552238806,111,0.552238806,90,0.447761194
-87.6715,41.881,16821,0,0,10643,0.632721004,10643,0.632721004,6178,0.367278996,491,0,0,277,0.564154786,277,0.564154786,214,0.435845214
-87.6715,41.8815,7548,0,0,5489,0.727212507,5489,0.727212507,2059,0.272787493,194,0,0,110,0.567010309,110,0.567010309,84,0.432989691
-87.6715,41.882,16794,0,0,9743,0.580147672,9743,0.580147672,7051,0.419852328,665,0,0,373,0.560902256,373,0.560902256,292,0.439097744
-87.6715,41.8825,3889,0,0,2274,0.584726151,2274,0.584726151,1615,0.415273849,169,0,0,91,0.538461538,91,0.538461538,78,0.461538462
-87.6715,41.883,13049,0,0,11193,0.857766879,11193,0.857766879,1856,0.142233121,276,0,0,182,0.65942029,182,0.65942029,94,0.34057971
-87.6715,41.8835,2110,0,0,1998,0.946919431,1998,0.946919431,112,0.053080569,47,0,0,35,0.744680851,35,0.744680851,12,0.255319149
-87.6715,41.884,1551,0,0,1472,0.949065119,1472,0.949065119,79,0.050934881,46,0,0,36,0.782608696,36,0.782608696,10,0.217391304
-87.6715,41.8845,1974,0,0,1686,0.854103343,1686,0.854103343,288,0.145896657,81,0,0,51,0.62962963,51,0.62962963,30,0.37037037
-87.6715,41.885,2930,0,0,2780,0.948805461,2780,0.948805461,150,0.051194539,74,0,0,58,0.783783784,58,0.783783784,16,0.216216216
-87.6715,41.8855,932,0,0,863,0.925965665,863,0.925965665,69,0.074034335,10,0,0,9,0.9,9,0.9,1,0.1
-87.6715,41.886,1112,0,0,831,0.747302158,831,0.747302158,281,0.252697842,24,0,0,15,0.625,15,0.625,9,0.375
-87.671,41.8775,4598,0,0,2789,0.606568073,2789,0.606568073,1809,0.393431927,63,0,0,50,0.793650794,50,0.793650794,13,0.206349206
-87.671,41.8785,3203,0,0,2675,0.835154543,2675,0.835154543,528,0.164845457,48,0,0,40,0.833333333,40,0.833333333,8,0.166666667
-87.671,41.881,25586,0,0,25201,0.984952709,25201,0.984952709,385,0.015047291,74,0,0,44,0.594594595,44,0.594594595,30,0.405405405
-87.671,41.882,898,0,0,894,0.995545657,894,0.995545657,4,0.004454343,21,0,0,20,0.952380952,20,0.952380952,1,0.047619048
-87.671,41.883,1936,0,0,1577,0.814566116,1577,0.814566116,359,0.185433884,102,0,0,74,0.725490196,74,0.725490196,28,0.274509804
-87.671,41.885,913,0,0,882,0.966046002,882,0.966046002,31,0.033953998,32,0,0,27,0.84375,27,0.84375,5,0.15625
-87.671,41.886,128,0,0,128,1,128,1,0,0,4,0,0,4,1,4,1,0,0
-87.6705,41.8775,12968,0,0,8179,0.630706354,8179,0.630706354,4789,0.369293646,79,0,0,57,0.721518987,57,0.721518987,22,0.278481013
-87.6705,41.8785,1690,0,0,1390,0.822485207,1390,0.822485207,300,0.177514793,40,0,0,33,0.825,33,0.825,7,0.175
-87.6705,41.881,1069,0,0,751,0.702525725,751,0.702525725,318,0.297474275,46,0,0,29,0.630434783,29,0.630434783,17,0.369565217
-87.6705,41.882,890,0,0,886,0.995505618,886,0.995505618,4,0.004494382,33,0,0,32,0.96969697,32,0.96969697,1,0.03030303
-87.6705,41.883,2107,0,0,1879,0.891789274,1879,0.891789274,228,0.108210726,64,0,0,49,0.765625,49,0.765625,15,0.234375
-87.6705,41.885,1067,0,0,1062,0.995313964,1062,0.995313964,5,0.004686036,22,0,0,21,0.954545455,21,0.954545455,1,0.045454545
-87.6705,41.886,118,0,0,118,1,118,1,0,0,4,0,0,4,1,4,1,0,0
-87.67,41.8775,2014,0,0,1345,0.667825223,1345,0.667825223,669,0.332174777,98,0,0,62,0.632653061,62,0.632653061,36,0.367346939
-87.67,41.8785,1727,0,0,1421,0.822814129,1421,0.822814129,306,0.177185871,40,0,0,33,0.825,33,0.825,7,0.175
-87.67,41.881,1247,0,0,859,0.688853248,859,0.688853248,388,0.311146752,50,0,0,32,0.64,32,0.64,18,0.36
-87.67,41.882,902,0,0,892,0.988913525,892,0.988913525,10,0.011086475,26,0,0,24,0.923076923,24,0.923076923,2,0.076923077
-87.67,41.883,3085,0,0,2824,0.915397083,2824,0.915397083,261,0.084602917,40,0,0,34,0.85,34,0.85,6,0.15
-87.67,41.885,988,0,0,936,0.947368421,936,0.947368421,52,0.052631579,43,0,0,33,0.76744186,33,0.76744186,10,0.23255814
-87.67,41.886,145,0,0,145,1,145,1,0,0,4,0,0,4,1,4,1,0,0
-87.6695,41.8775,3018,0,0,1818,0.602385686,1818,0.602385686,1200,0.397614314,66,0,0,44,0.666666667,44,0.666666667,22,0.333333333
-87.6695,41.8785,1906,0,0,1553,0.814795383,1553,0.814795383,353,0.185204617,44,0,0,35,0.795454545,35,0.795454545,9,0.204545455
-87.6695,41.881,1898,0,0,1197,0.630663857,1197,0.630663857,701,0.369336143,62,0,0,36,0.580645161,36,0.580645161,26,0.419354839
-87.6695,41.8815,165,0,0,165,1,165,1,0,0,1,0,0,1,1,1,1,0,0
-87.6695,41.882,1028,0,0,1025,0.997081712,1025,0.997081712,3,0.002918288,18,0,0,17,0.944444444,17,0.944444444,1,0.055555556
-87.6695,41.883,3098,0,0,2929,0.945448677,2929,0.945448677,169,0.054551323,41,0,0,34,0.829268293,34,0.829268293,7,0.170731707
-87.6695,41.884,69,0,0,69,1,69,1,0,0,2,0,0,2,1,2,1,0,0
-87.6695,41.8845,77,0,0,77,1,77,1,0,0,3,0,0,3,1,3,1,0,0
-87.6695,41.885,1963,0,0,1816,0.92511462,1816,0.92511462,147,0.07488538,68,0,0,46,0.676470588,46,0.676470588,22,0.323529412
-87.6695,41.886,350,0,0,350,1,350,1,0,0,5,0,0,5,1,5,1,0,0
-87.669,41.8775,9720,0,0,8016,0.824691358,8016,0.824691358,1704,0.175308642,57,0,0,40,0.701754386,40,0.701754386,17,0.298245614
-87.669,41.878,1669,0,0,1431,0.857399641,1431,0.857399641,238,0.142600359,20,0,0,16,0.8,16,0.8,4,0.2
-87.669,41.8785,11285,0,0,8318,0.737084626,8318,0.737084626,2967,0.262915374,73,0,0,57,0.780821918,57,0.780821918,16,0.219178082
-87.669,41.879,3759,0,0,3279,0.872306464,3279,0.872306464,480,0.127693536,25,0,0,21,0.84,21,0.84,4,0.16
-87.669,41.8795,2921,0,0,1348,0.461485793,1348,0.461485793,1573,0.538514207,25,0,0,21,0.84,21,0.84,4,0.16
-87.669,41.88,3820,0,0,3007,0.787172775,3007,0.787172775,813,0.212827225,25,0,0,21,0.84,21,0.84,4,0.16
-87.669,41.8805,1566,0,0,1181,0.754150702,1181,0.754150702,385,0.245849298,25,0,0,21,0.84,21,0.84,4,0.16
-87.669,41.881,4872,0,0,3068,0.629720854,3068,0.629720854,1804,0.370279146,53,0,0,39,0.735849057,39,0.735849057,14,0.264150943
-87.669,41.8815,2979,0,0,2860,0.960053709,2860,0.960053709,119,0.039946291,19,0,0,16,0.842105263,16,0.842105263,3,0.157894737
-87.669,41.882,3481,0,0,2915,0.837403045,2915,0.837403045,566,0.162596955,41,0,0,35,0.853658537,35,0.853658537,6,0.146341463
-87.669,41.8825,824,0,0,698,0.847087379,698,0.847087379,126,0.152912621,20,0,0,15,0.75,15,0.75,5,0.25
-87.669,41.883,4390,0,0,3641,0.829384966,3641,0.829384966,749,0.170615034,88,0,0,60,0.681818182,60,0.681818182,28,0.318181818
-87.669,41.8835,1387,0,0,1283,0.925018025,1283,0.925018025,104,0.074981975,39,0,0,29,0.743589744,29,0.743589744,10,0.256410256
-87.669,41.884,1187,0,0,1077,0.907329402,1077,0.907329402,110,0.092670598,64,0,0,45,0.703125,45,0.703125,19,0.296875
-87.669,41.8845,1195,0,0,1097,0.917991632,1097,0.917991632,98,0.082008368,63,0,0,47,0.746031746,47,0.746031746,16,0.253968254
-87.669,41.885,2440,0,0,2326,0.953278689,2326,0.953278689,114,0.046721311,63,0,0,51,0.80952381,51,0.80952381,12,0.19047619
-87.669,41.8855,902,0,0,817,0.905764967,817,0.905764967,85,0.094235033,29,0,0,20,0.689655172,20,0.689655172,9,0.310344828
-87.669,41.886,970,0,0,860,0.886597938,860,0.886597938,110,0.113402062,26,0,0,18,0.692307692,18,0.692307692,8,0.307692308
-87.6685,41.8775,1638,0,0,1218,0.743589744,1218,0.743589744,420,0.256410256,35,0,0,26,0.742857143,26,0.742857143,9,0.257142857
-87.6685,41.8785,24127,0,0,19252,0.797944212,19252,0.797944212,4875,0.202055788,42,0,0,33,0.785714286,33,0.785714286,9,0.214285714
-87.6685,41.881,3023,0,0,2465,0.815415151,2465,0.815415151,558,0.184584849,23,0,0,16,0.695652174,16,0.695652174,7,0.304347826
-87.6685,41.882,793,0,0,737,0.929382093,737,0.929382093,56,0.070617907,48,0,0,34,0.708333333,34,0.708333333,14,0.291666667
-87.6685,41.883,1034,0,0,840,0.81237911,840,0.81237911,194,0.18762089,43,0,0,29,0.674418605,29,0.674418605,14,0.325581395
-87.6685,41.885,439,0,0,431,0.981776765,431,0.981776765,8,0.018223235,25,0,0,23,0.92,23,0.92,2,0.08
-87.668,41.8775,1529,0,0,1071,0.700457816,1071,0.700457816,458,0.299542184,68,0,0,38,0.558823529,38,0.558823529,30,0.441176471
-87.668,41.8785,4941,0,0,1799,0.364096337,1799,0.364096337,3142,0.635903663,40,0,0,32,0.8,32,0.8,8,0.2
-87.668,41.881,1331,0,0,816,0.613072878,816,0.613072878,515,0.386927122,33,0,0,21,0.636363636,21,0.636363636,12,0.363636364
-87.668,41.882,817,0,0,787,0.963280294,787,0.963280294,30,0.036719706,29,0,0,22,0.75862069,22,0.75862069,7,0.24137931
-87.668,41.883,909,0,0,777,0.854785479,777,0.854785479,132,0.145214521,39,0,0,27,0.692307692,27,0.692307692,12,0.307692308
-87.668,41.885,757,0,0,651,0.85997358,651,0.85997358,106,0.14002642,38,0,0,26,0.684210526,26,0.684210526,12,0.315789474
-87.6675,41.8775,1566,0,0,1091,0.696679438,1091,0.696679438,475,0.303320562,53,0,0,34,0.641509434,34,0.641509434,19,0.358490566
-87.6675,41.8785,2407,0,0,1719,0.714167013,1719,0.714167013,688,0.285832987,38,0,0,31,0.815789474,31,0.815789474,7,0.184210526
-87.6675,41.881,1611,0,0,1008,0.625698324,1008,0.625698324,603,0.374301676,42,0,0,25,0.595238095,25,0.595238095,17,0.404761905
-87.6675,41.882,1006,0,0,976,0.970178926,976,0.970178926,30,0.029821074,32,0,0,24,0.75,24,0.75,8,0.25
-87.6675,41.883,971,0,0,752,0.77445932,752,0.77445932,219,0.22554068,71,0,0,46,0.647887324,46,0.647887324,25,0.352112676
-87.6675,41.885,1301,0,0,1214,0.933128363,1214,0.933128363,87,0.066871637,21,0,0,18,0.857142857,18,0.857142857,3,0.142857143
-87.667,41.8775,7593,0,0,4322,0.569208481,4322,0.569208481,3271,0.430791519,58,0,0,42,0.724137931,42,0.724137931,16,0.275862069
-87.667,41.8785,2884,0,0,1999,0.693134535,1999,0.693134535,885,0.306865465,91,0,0,57,0.626373626,57,0.626373626,34,0.373626374
-87.667,41.881,4301,0,0,2036,0.473378284,2036,0.473378284,2265,0.526621716,60,0,0,34,0.566666667,34,0.566666667,26,0.433333333
-87.667,41.882,3224,0,0,3123,0.968672457,3123,0.968672457,101,0.031327543,69,0,0,44,0.637681159,44,0.637681159,25,0.362318841
-87.667,41.883,1554,0,0,1284,0.826254826,1284,0.826254826,270,0.173745174,66,0,0,43,0.651515152,43,0.651515152,23,0.348484848
-87.667,41.8835,589,0,0,416,0.706281834,416,0.706281834,173,0.293718166,39,0,0,27,0.692307692,27,0.692307692,12,0.307692308
-87.667,41.884,482,0,0,357,0.7406639,357,0.7406639,125,0.2593361,38,0,0,25,0.657894737,25,0.657894737,13,0.342105263
-87.667,41.8845,440,0,0,355,0.806818182,355,0.806818182,85,0.193181818,34,0,0,24,0.705882353,24,0.705882353,10,0.294117647
-87.667,41.885,3918,0,0,3674,0.937723328,3674,0.937723328,244,0.062276672,40,0,0,29,0.725,29,0.725,11,0.275
-87.667,41.8855,768,0,0,501,0.65234375,501,0.65234375,267,0.34765625,6,0,0,4,0.666666667,4,0.666666667,2,0.333333333
-87.6665,41.8775,17476,0,0,12850,0.735294118,12850,0.735294118,4626,0.264705882,46,0,0,32,0.695652174,32,0.695652174,14,0.304347826
-87.6665,41.878,2507,0,0,1744,0.695652174,1744,0.695652174,763,0.304347826,37,0,0,26,0.702702703,26,0.702702703,11,0.297297297
-87.6665,41.8785,19421,0,0,12888,0.663611555,12888,0.663611555,6533,0.336388445,82,0,0,53,0.646341463,53,0.646341463,29,0.353658537
-87.6665,41.879,4078,0,0,3310,0.811672388,3310,0.811672388,768,0.188327612,63,0,0,39,0.619047619,39,0.619047619,24,0.380952381
-87.6665,41.8795,2791,0,0,1923,0.689000358,1923,0.689000358,868,0.310999642,97,0,0,56,0.577319588,56,0.577319588,41,0.422680412
-87.6665,41.88,2887,0,0,2033,0.704191202,2033,0.704191202,854,0.295808798,97,0,0,49,0.505154639,49,0.505154639,48,0.494845361
-87.6665,41.8805,6152,0,0,4291,0.697496749,4291,0.697496749,1861,0.302503251,88,0,0,49,0.556818182,49,0.556818182,39,0.443181818
-87.6665,41.881,7688,0,0,4633,0.602627471,4633,0.602627471,3055,0.397372529,160,0,0,86,0.5375,86,0.5375,74,0.4625
-87.6665,41.8815,8934,0,0,8524,0.954107902,8524,0.954107902,410,0.045892098,88,0,0,58,0.659090909,58,0.659090909,30,0.340909091
-87.6665,41.882,7165,0,0,6866,0.958269365,6866,0.958269365,299,0.041730635,100,0,0,67,0.67,67,0.67,33,0.33
-87.6665,41.8825,1884,0,0,1452,0.770700637,1452,0.770700637,432,0.229299363,40,0,0,26,0.65,26,0.65,14,0.35
-87.6665,41.883,12469,0,0,11727,0.940492421,11727,0.940492421,742,0.059507579,144,0,0,81,0.5625,81,0.5625,63,0.4375
-87.6665,41.8835,772,0,0,661,0.856217617,661,0.856217617,111,0.143782383,18,0,0,13,0.722222222,13,0.722222222,5,0.277777778
-87.6665,41.884,754,0,0,616,0.816976127,616,0.816976127,138,0.183023873,32,0,0,20,0.625,20,0.625,12,0.375
-87.6665,41.8845,697,0,0,542,0.777618364,542,0.777618364,155,0.222381636,34,0,0,20,0.588235294,20,0.588235294,14,0.411764706
-87.6665,41.885,571,0,0,504,0.882661996,504,0.882661996,67,0.117338004,18,0,0,12,0.666666667,12,0.666666667,6,0.333333333
-87.6665,41.8855,206,0,0,198,0.961165049,198,0.961165049,8,0.038834951,6,0,0,5,0.833333333,5,0.833333333,1,0.166666667
-87.6665,41.886,228,0,0,214,0.938596491,214,0.938596491,14,0.061403509,14,0,0,9,0.642857143,9,0.642857143,5,0.357142857