grid_lat,grid_lon,total_sample,mw_sample,mw_ratio,sub6_sample,sub6_ratio,5g_sample,5g_ratio,lte_sample,lte_ratio,total_cs_sample,mw_cs_sample,mw_cs_ratio,sub6_cs_sample,sub6_cs_ratio,5g_cs_sample,5g_cs_sample,lte_cs_sample,lte_cs_ratio
-86.1665,39.767,1447,0,0,1214,0.838977194,1214,0.838977194,233,0.161022806,9,0,0,5,0.555555556,5,0.555555556,4,0.444444444
-86.1665,39.769,411,0,0,177,0.430656934,177,0.430656934,234,0.569343066,2,0,0,1,0.5,1,0.5,1,0.5
-86.1665,39.7695,632,0,0,229,0.362341772,229,0.362341772,403,0.637658228,3,0,0,1,0.333333333,1,0.333333333,2,0.666666667
-86.1665,39.77,799,0,0,721,0.902377972,721,0.902377972,78,0.097622028,15,0,0,8,0.533333333,8,0.533333333,7,0.466666667
-86.1665,39.771,573,0,0,512,0.893542757,512,0.893542757,61,0.106457243,10,0,0,5,0.5,5,0.5,5,0.5
-86.1665,39.7715,2629,0,0,2586,0.983643971,2586,0.983643971,43,0.016356029,6,0,0,4,0.666666667,4,0.666666667,2,0.333333333
-86.1665,39.772,341,0,0,290,0.850439883,290,0.850439883,51,0.149560117,9,0,0,6,0.666666667,6,0.666666667,3,0.333333333
-86.1665,39.7725,708,0,0,304,0.429378531,304,0.429378531,404,0.570621469,10,0,0,7,0.7,7,0.7,3,0.3
-86.1665,39.773,1914,0,0,1896,0.990595611,1896,0.990595611,18,0.009404389,15,0,0,10,0.666666667,10,0.666666667,5,0.333333333
-86.1665,39.7735,396,0,0,390,0.984848485,390,0.984848485,6,0.015151515,10,0,0,8,0.8,8,0.8,2,0.2
-86.1665,39.774,1678,0,0,1628,0.970202622,1628,0.970202622,50,0.029797378,10,0,0,9,0.9,9,0.9,1,0.1
-86.1665,39.7745,232,0,0,227,0.978448276,227,0.978448276,5,0.021551724,5,0,0,3,0.6,3,0.6,2,0.4
-86.1665,39.775,1431,0,0,1099,0.76799441,1099,0.76799441,332,0.23200559,7,0,0,6,0.857142857,6,0.857142857,1,0.142857143
-86.166,39.767,346,0,0,289,0.835260116,289,0.835260116,57,0.164739884,10,0,0,6,0.6,6,0.6,4,0.4
-86.166,39.77,189,0,0,189,1,189,1,0,0,2,0,0,2,1,2,1,0,0
-86.166,39.7715,139,0,0,131,0.942446043,131,0.942446043,8,0.057553957,7,0,0,5,0.714285714,5,0.714285714,2,0.285714286
-86.166,39.774,2007,0,0,2000,0.996512207,2000,0.996512207,7,0.003487793,11,0,0,9,0.818181818,9,0.818181818,2,0.181818182
-86.1655,39.767,304,0,0,265,0.871710526,265,0.871710526,39,0.128289474,10,0,0,7,0.7,7,0.7,3,0.3
-86.1655,39.77,182,0,0,182,1,182,1,0,0,2,0,0,2,1,2,1,0,0
-86.1655,39.771,156,0,0,144,0.923076923,144,0.923076923,12,0.076923077,10,0,0,7,0.7,7,0.7,3,0.3
-86.1655,39.774,376,0,0,328,0.872340426,328,0.872340426,48,0.127659574,19,0,0,14,0.736842105,14,0.736842105,5,0.263157895
-86.165,39.767,632,0,0,590,0.933544304,590,0.933544304,42,0.066455696,8,0,0,6,0.75,6,0.75,2,0.25
-86.165,39.77,169,0,0,169,1,169,1,0,0,2,0,0,2,1,2,1,0,0
-86.165,39.771,214,0,0,214,1,214,1,0,0,3,0,0,3,1,3,1,0,0
-86.165,39.774,376,0,0,339,0.901595745,339,0.901595745,37,0.098404255,5,0,0,4,0.8,4,0.8,1,0.2
-86.1645,39.767,296,0,0,255,0.861486486,255,0.861486486,41,0.138513514,8,0,0,5,0.625,5,0.625,3,0.375
-86.1645,39.77,148,0,0,148,1,148,1,0,0,2,0,0,2,1,2,1,0,0
-86.1645,39.771,219,0,0,219,1,219,1,0,0,3,0,0,3,1,3,1,0,0
-86.1645,39.774,1767,0,0,1726,0.976796831,1726,0.976796831,41,0.023203169,7,0,0,5,0.714285714,5,0.714285714,2,0.285714286
-86.164,39.767,291,0,0,253,0.869415808,253,0.869415808,38,0.130584192,7,0,0,5,0.714285714,5,0.714285714,2,0.285714286
-86.164,39.77,146,0,0,146,1,146,1,0,0,2,0,0,2,1,2,1,0,0
-86.164,39.771,237,0,0,237,1,237,1,0,0,3,0,0,3,1,3,1,0,0
-86.164,39.774,367,0,0,311,0.847411444,311,0.847411444,56,0.152588556,19,0,0,13,0.684210526,13,0.684210526,6,0.315789474
-86.1635,39.767,300,0,0,267,0.89,267,0.89,33,0.11,6,0,0,5,0.833333333,5,0.833333333,1,0.166666667
-86.1635,39.7695,1410,0,0,1331,0.943971631,1331,0.943971631,79,0.056028369,3,0,0,2,0.666666667,2,0.666666667,1,0.333333333
-86.1635,39.77,1410,0,0,1398,0.991489362,1398,0.991489362,12,0.008510638,11,0,0,8,0.727272727,8,0.727272727,3,0.272727273
-86.1635,39.771,756,0,0,756,1,756,1,0,0,4,0,0,4,1,4,1,0,0
-86.1635,39.774,369,0,0,326,0.883468835,326,0.883468835,43,0.116531165,9,0,0,7,0.777777778,7,0.777777778,2,0.222222222
-86.163,39.767,637,0,0,567,0.89010989,567,0.89010989,70,0.10989011,12,0,0,8,0.666666667,8,0.666666667,4,0.333333333
-86.163,39.77,3358,0,0,2736,0.814770697,2736,0.814770697,622,0.185229303,30,0,0,20,0.666666667,20,0.666666667,10,0.333333333
-86.163,39.7705,1270,0,0,937,0.737795276,937,0.737795276,333,0.262204724,30,0,0,20,0.666666667,20,0.666666667,10,0.333333333
-86.163,39.771,5677,0,0,4463,0.786154659,4463,0.786154659,1214,0.213845341,48,0,0,31,0.645833333,31,0.645833333,17,0.354166667
-86.163,39.7715,6403,0,0,1131,0.176635952,1131,0.176635952,5272,0.823364048,9,0,0,5,0.555555556,5,0.555555556,4,0.444444444
-86.163,39.772,1508,0,0,1003,0.665119363,1003,0.665119363,505,0.334880637,11,0,0,11,1,11,1,0,0
-86.163,39.7725,9161,0,0,3339,0.36447986,3339,0.36447986,5822,0.63552014,11,0,0,11,1,11,1,0,0
-86.163,39.773,1325,0,0,1316,0.993207547,1316,0.993207547,9,0.006792453,9,0,0,7,0.777777778,7,0.777777778,2,0.222222222
-86.163,39.7735,403,0,0,403,1,403,1,0,0,5,0,0,5,1,5,1,0,0
-86.163,39.774,899,0,0,828,0.921023359,828,0.921023359,71,0.078976641,14,0,0,11,0.785714286,11,0.785714286,3,0.214285714
-86.163,39.7745,468,0,0,412,0.88034188,412,0.88034188,56,0.11965812,8,0,0,7,0.875,7,0.875,1,0.125
-86.163,39.775,785,0,0,729,0.92866242,729,0.92866242,56,0.07133758,9,0,0,7,0.777777778,7,0.777777778,2,0.222222222
-86.163,39.7755,856,0,0,790,0.922897196,790,0.922897196,66,0.077102804,8,0,0,6,0.75,6,0.75,2,0.25
-86.163,39.776,419,0,0,363,0.866348449,363,0.866348449,56,0.133651551,4,0,0,3,0.75,3,0.75,1,0.25
-86.163,39.7765,272,0,0,213,0.783088235,213,0.783088235,59,0.216911765,4,0,0,3,0.75,3,0.75,1,0.25
-86.163,39.777,276,0,0,218,0.789855072,218,0.789855072,58,0.210144928,4,0,0,3,0.75,3,0.75,1,0.25
-86.163,39.7775,281,0,0,223,0.793594306,223,0.793594306,58,0.206405694,4,0,0,3,0.75,3,0.75,1,0.25
-86.1625,39.767,325,0,0,286,0.88,286,0.88,39,0.12,12,0,0,10,0.833333333,10,0.833333333,2,0.166666667
-86.1625,39.7695,512,0,0,512,1,512,1,0,0,4,0,0,4,1,4,1,0,0
-86.1625,39.77,1191,0,0,929,0.780016793,929,0.780016793,262,0.219983207,33,0,0,23,0.696969697,23,0.696969697,10,0.303030303
-86.1625,39.771,1712,0,0,1146,0.669392523,1146,0.669392523,566,0.330607477,15,0,0,9,0.6,9,0.6,6,0.4
-86.1625,39.7725,1490,0,0,193,0.129530201,193,0.129530201,1297,0.870469799,5,0,0,5,1,5,1,0,0
-86.1625,39.774,265,0,0,265,1,265,1,0,0,2,0,0,2,1,2,1,0,0
-86.1625,39.7755,88,0,0,88,1,88,1,0,0,1,0,0,1,1,1,1,0,0
-86.162,39.767,352,0,0,303,0.860795455,303,0.860795455,49,0.139204545,15,0,0,10,0.666666667,10,0.666666667,5,0.333333333
-86.162,39.7695,260,0,0,229,0.880769231,229,0.880769231,31,0.119230769,12,0,0,7,0.583333333,7,0.583333333,5,0.416666667
-86.162,39.77,2557,0,0,2146,0.839264763,2146,0.839264763,411,0.160735237,35,0,0,25,0.714285714,25,0.714285714,10,0.285714286
-86.162,39.771,2537,0,0,978,0.385494679,978,0.385494679,1559,0.614505321,32,0,0,24,0.75,24,0.75,8,0.25
-86.162,39.7725,516,0,0,154,0.298449612,154,0.298449612,362,0.701550388,7,0,0,6,0.857142857,6,0.857142857,1,0.142857143
-86.162,39.774,274,0,0,274,1,274,1,0,0,2,0,0,2,1,2,1,0,0
-86.162,39.7755,74,0,0,74,1,74,1,0,0,1,0,0,1,1,1,1,0,0
-86.1615,39.767,1928,0,0,1655,0.85840249,1655,0.85840249,273,0.14159751,29,0,0,20,0.689655172,20,0.689655172,9,0.310344828
-86.1615,39.7685,360,0,0,268,0.744444444,268,0.744444444,92,0.255555556,8,0,0,5,0.625,5,0.625,3,0.375
-86.1615,39.7695,2029,0,0,1756,0.865450961,1756,0.865450961,273,0.134549039,10,0,0,7,0.7,7,0.7,3,0.3
-86.1615,39.77,5310,0,0,4045,0.761770245,4045,0.761770245,1265,0.238229755,57,0,0,41,0.719298246,41,0.719298246,16,0.280701754
-86.1615,39.7705,1605,0,0,1207,0.752024922,1207,0.752024922,398,0.247975078,23,0,0,16,0.695652174,16,0.695652174,7,0.304347826
-86.1615,39.771,9878,0,0,5144,0.520753189,5144,0.520753189,4734,0.479246811,45,0,0,32,0.711111111,32,0.711111111,13,0.288888889
-86.1615,39.7715,8749,0,0,6069,0.693679278,6069,0.693679278,2680,0.306320722,21,0,0,15,0.714285714,15,0.714285714,6,0.285714286
-86.1615,39.772,5940,0,0,3547,0.597138047,3547,0.597138047,2393,0.402861953,32,0,0,16,0.5,16,0.5,16,0.5
-86.1615,39.7725,2491,0,0,1992,0.799678844,1992,0.799678844,499,0.200321156,26,0,0,17,0.653846154,17,0.653846154,9,0.346153846
-86.1615,39.773,217,0,0,214,0.986175115,214,0.986175115,3,0.013824885,6,0,0,5,0.833333333,5,0.833333333,1,0.166666667
-86.1615,39.774,291,0,0,276,0.948453608,276,0.948453608,15,0.051546392,12,0,0,9,0.75,9,0.75,3,0.25
-86.1615,39.7755,77,0,0,77,1,77,1,0,0,1,0,0,1,1,1,1,0,0
-86.161,39.767,910,0,0,857,0.941758242,857,0.941758242,53,0.058241758,9,0,0,8,0.888888889,8,0.888888889,1,0.111111111
-86.161,39.7695,321,0,0,321,1,321,1,0,0,9,0,0,9,1,9,1,0,0
-86.161,39.77,407,0,0,401,0.985257985,401,0.985257985,6,0.014742015,5,0,0,4,0.8,4,0.8,1,0.2
-86.161,39.771,2214,0,0,1384,0.625112918,1384,0.625112918,830,0.374887082,23,0,0,17,0.739130435,17,0.739130435,6,0.260869565
-86.161,39.7715,2583,0,0,1843,0.713511421,1843,0.713511421,740,0.286488579,15,0,0,11,0.733333333,11,0.733333333,4,0.266666667
-86.161,39.772,471,0,0,446,0.946921444,446,0.946921444,25,0.053078556,9,0,0,7,0.777777778,7,0.777777778,2,0.222222222
-86.161,39.7725,10276,0,0,6698,0.651810043,6698,0.651810043,3578,0.348189957,34,0,0,24,0.705882353,24,0.705882353,10,0.294117647
-86.161,39.773,168,0,0,164,0.976190476,164,0.976190476,4,0.023809524,9,0,0,8,0.888888889,8,0.888888889,1,0.111111111
-86.161,39.7735,271,0,0,260,0.959409594,260,0.959409594,11,0.040590406,16,0,0,13,0.8125,13,0.8125,3,0.1875
-86.161,39.774,2670,0,0,2568,0.961797753,2568,0.961797753,102,0.038202247,33,0,0,24,0.727272727,24,0.727272727,9,0.272727273
-86.161,39.7745,244,0,0,219,0.897540984,219,0.897540984,25,0.102459016,5,0,0,4,0.8,4,0.8,1,0.2
-86.161,39.775,222,0,0,222,1,222,1,0,0,3,0,0,3,1,3,1,0,0
-86.161,39.7755,1498,0,0,1494,0.997329773,1494,0.997329773,4,0.002670227,6,0,0,5,0.833333333,5,0.833333333,1,0.166666667
-86.161,39.7765,316,0,0,288,0.911392405,288,0.911392405,28,0.088607595,6,0,0,3,0.5,3,0.5,3,0.5
-86.161,39.777,71,0,0,71,1,71,1,0,0,1,0,0,1,1,1,1,0,0
-86.1605,39.767,336,0,0,284,0.845238095,284,0.845238095,52,0.154761905,14,0,0,12,0.857142857,12,0.857142857,2,0.142857143
-86.1605,39.7695,338,0,0,338,1,338,1,0,0,7,0,0,7,1,7,1,0,0
-86.1605,39.77,413,0,0,403,0.975786925,403,0.975786925,10,0.024213075,8,0,0,5,0.625,5,0.625,3,0.375
-86.1605,39.771,2022,0,0,1248,0.617210682,1248,0.617210682,774,0.382789318,41,0,0,28,0.682926829,28,0.682926829,13,0.317073171
-86.1605,39.7725,1781,0,0,1071,0.601347558,1071,0.601347558,710,0.398652442,17,0,0,12,0.705882353,12,0.705882353,5,0.294117647
-86.1605,39.774,402,0,0,393,0.97761194,393,0.97761194,9,0.02238806,11,0,0,9,0.818181818,9,0.818181818,2,0.181818182
-86.1605,39.7755,247,0,0,247,1,247,1,0,0,3,0,0,3,1,3,1,0,0
-86.16,39.767,303,0,0,263,0.867986799,263,0.867986799,40,0.132013201,12,0,0,11,0.916666667,11,0.916666667,1,0.083333333
-86.16,39.7695,2743,0,0,2708,0.987240248,2708,0.987240248,35,0.012759752,26,0,0,17,0.653846154,17,0.653846154,9,0.346153846
-86.16,39.77,345,0,0,317,0.91884058,317,0.91884058,28,0.08115942,13,0,0,8,0.615384615,8,0.615384615,5,0.384615385
-86.16,39.771,3505,0,0,2597,0.740941512,2597,0.740941512,908,0.259058488,37,0,0,27,0.72972973,27,0.72972973,10,0.27027027
-86.16,39.7725,1628,0,0,934,0.573710074,934,0.573710074,694,0.426289926,20,0,0,13,0.65,13,0.65,7,0.35
-86.16,39.774,353,0,0,346,0.980169972,346,0.980169972,7,0.019830028,9,0,0,7,0.777777778,7,0.777777778,2,0.222222222
-86.16,39.7755,187,0,0,182,0.973262032,182,0.973262032,5,0.026737968,5,0,0,4,0.8,4,0.8,1,0.2
-86.1595,39.7665,142,0,0,142,1,142,1,0,0,1,0,0,1,1,1,1,0,0
-86.1595,39.767,4041,0,0,3869,0.957436278,3869,0.957436278,172,0.042563722,27,0,0,23,0.851851852,23,0.851851852,4,0.148148148
-86.1595,39.7675,305,0,0,237,0.77704918,237,0.77704918,68,0.22295082,4,0,0,3,0.75,3,0.75,1,0.25
-86.1595,39.768,1284,0,0,1072,0.834890966,1072,0.834890966,212,0.165109034,9,0,0,5,0.555555556,5,0.555555556,4,0.444444444
-86.1595,39.7695,1282,0,0,1029,0.802652106,1029,0.802652106,253,0.197347894,14,0,0,10,0.714285714,10,0.714285714,4,0.285714286
-86.1595,39.77,800,0,0,728,0.91,728,0.91,72,0.09,16,0,0,12,0.75,12,0.75,4,0.25
-86.1595,39.7705,413,0,0,366,0.886198547,366,0.886198547,47,0.113801453,3,0,0,3,1,3,1,0,0
-86.1595,39.771,14294,0,0,9929,0.694627116,9929,0.694627116,4365,0.305372884,39,0,0,29,0.743589744,29,0.743589744,10,0.256410256
-86.1595,39.7715,993,0,0,409,0.411883182,409,0.411883182,584,0.588116818,3,0,0,3,1,3,1,0,0
-86.1595,39.772,1578,0,0,408,0.258555133,408,0.258555133,1170,0.741444867,3,0,0,3,1,3,1,0,0
-86.1595,39.7725,6689,0,0,2980,0.44550755,2980,0.44550755,3709,0.55449245,39,0,0,28,0.717948718,28,0.717948718,11,0.282051282
-86.1595,39.773,14368,0,0,14211,0.98907294,14211,0.98907294,157,0.01092706,40,0,0,23,0.575,23,0.575,17,0.425
-86.1595,39.7735,346,0,0,346,1,346,1,0,0,3,0,0,3,1,3,1,0,0
-86.1595,39.774,675,0,0,671,0.994074074,671,0.994074074,4,0.005925926,10,0,0,9,0.9,9,0.9,1,0.1
-86.1595,39.7745,196,0,0,192,0.979591837,192,0.979591837,4,0.020408163,9,0,0,8,0.888888889,8,0.888888889,1,0.111111111
-86.1595,39.775,714,0,0,691,0.967787115,691,0.967787115,23,0.032212885,13,0,0,9,0.692307692,9,0.692307692,4,0.307692308
-86.1595,39.7755,20574,0,0,19759,0.960386896,19759,0.960386896,815,0.039613104,67,0,0,38,0.567164179,38,0.567164179,29,0.432835821
-86.1595,39.776,265,0,0,231,0.871698113,231,0.871698113,34,0.128301887,5,0,0,4,0.8,4,0.8,1,0.2
-86.1595,39.7765,193,0,0,178,0.922279793,178,0.922279793,15,0.077720207,8,0,0,6,0.75,6,0.75,2,0.25
-86.1595,39.777,173,0,0,169,0.976878613,169,0.976878613,4,0.023121387,5,0,0,4,0.8,4,0.8,1,0.2
-86.1595,39.7775,13165,0,0,13009,0.988150399,13009,0.988150399,156,0.011849601,41,0,0,22,0.536585366,22,0.536585366,19,0.463414634
-86.159,39.767,943,0,0,812,0.861081654,812,0.861081654,131,0.138918346,20,0,0,18,0.9,18,0.9,2,0.1
-86.159,39.7695,536,0,0,506,0.944029851,506,0.944029851,30,0.055970149,26,0,0,19,0.730769231,19,0.730769231,7,0.269230769
-86.159,39.77,59,0,0,59,1,59,1,0,0,2,0,0,2,1,2,1,0,0
-86.159,39.771,1358,0,0,1120,0.824742268,1120,0.824742268,238,0.175257732,75,0,0,58,0.773333333,58,0.773333333,17,0.226666667
-86.159,39.7725,5563,0,0,4689,0.842890527,4689,0.842890527,874,0.157109473,26,0,0,21,0.807692308,21,0.807692308,5,0.192307692
-86.159,39.774,699,0,0,689,0.985693848,689,0.985693848,10,0.014306152,14,0,0,11,0.785714286,11,0.785714286,3,0.214285714
-86.159,39.7755,947,0,0,404,0.426610348,404,0.426610348,543,0.573389652,15,0,0,11,0.733333333,11,0.733333333,4,0.266666667
-86.159,39.7765,935,0,0,530,0.56684492,530,0.56684492,405,0.43315508,4,0,0,3,0.75,3,0.75,1,0.25
-86.159,39.7775,420,0,0,350,0.833333333,350,0.833333333,70,0.166666667,11,0,0,9,0.818181818,9,0.818181818,2,0.181818182
-86.1585,39.767,503,0,0,453,0.900596421,453,0.900596421,50,0.099403579,15,0,0,12,0.8,12,0.8,3,0.2
-86.1585,39.768,361,0,0,353,0.977839335,353,0.977839335,8,0.022160665,6,0,0,4,0.666666667,4,0.666666667,2,0.333333333
-86.1585,39.7685,134,0,0,134,1,134,1,0,0,2,0,0,2,1,2,1,0,0
-86.1585,39.7695,489,0,0,489,1,489,1,0,0,4,0,0,4,1,4,1,0,0
-86.1585,39.771,1382,0,0,1180,0.853835022,1180,0.853835022,202,0.146164978,23,0,0,19,0.826086957,19,0.826086957,4,0.173913043
-86.1585,39.7725,1168,0,0,952,0.815068493,952,0.815068493,216,0.184931507,34,0,0,26,0.764705882,26,0.764705882,8,0.235294118
-86.1585,39.774,270,0,0,270,1,270,1,0,0,9,0,0,9,1,9,1,0,0
-86.1585,39.7755,250,0,0,210,0.84,210,0.84,40,0.16,6,0,0,5,0.833333333,5,0.833333333,1,0.166666667
-86.1585,39.7775,258,0,0,221,0.856589147,221,0.856589147,37,0.143410853,8,0,0,7,0.875,7,0.875,1,0.125
-86.158,39.767,1501,0,0,1363,0.908061292,1363,0.908061292,138,0.091938708,27,0,0,19,0.703703704,19,0.703703704,8,0.296296296
-86.158,39.7675,269,0,0,269,1,269,1,0,0,2,0,0,2,1,2,1,0,0
-86.158,39.768,114,0,0,114,1,114,1,0,0,2,0,0,2,1,2,1,0,0
-86.158,39.769,330,0,0,330,1,330,1,0,0,2,0,0,2,1,2,1,0,0
-86.158,39.7695,755,0,0,755,1,755,1,0,0,5,0,0,5,1,5,1,0,0
-86.158,39.77,1050,0,0,1044,0.994285714,1044,0.994285714,6,0.005714286,5,0,0,4,0.8,4,0.8,1,0.2
-86.158,39.7705,305,0,0,305,1,305,1,0,0,2,0,0,2,1,2,1,0,0
-86.158,39.771,2581,0,0,2292,0.888027896,2292,0.888027896,289,0.111972104,24,0,0,20,0.833333333,20,0.833333333,4,0.166666667
-86.158,39.7725,1575,0,0,1295,0.822222222,1295,0.822222222,280,0.177777778,70,0,0,62,0.885714286,62,0.885714286,8,0.114285714
-86.158,39.774,282,0,0,282,1,282,1,0,0,9,0,0,9,1,9,1,0,0
-86.158,39.775,245,0,0,245,1,245,1,0,0,2,0,0,2,1,2,1,0,0
-86.158,39.7775,429,0,0,373,0.869463869,373,0.869463869,56,0.130536131,9,0,0,7,0.777777778,7,0.777777778,2,0.222222222
-86.1575,39.7665,94,0,0,94,1,94,1,0,0,1,0,0,1,1,1,1,0,0
-86.1575,39.767,3654,0,0,3042,0.832512315,3042,0.832512315,612,0.167487685,41,0,0,29,0.707317073,29,0.707317073,12,0.292682927
-86.1575,39.7695,195,0,0,195,1,195,1,0,0,1,0,0,1,1,1,1,0,0
-86.1575,39.77,61,0,0,61,1,61,1,0,0,1,0,0,1,1,1,1,0,0
-86.1575,39.7705,75,0,0,74,0.986666667,74,0.986666667,1,0.013333333,4,0,0,3,0.75,3,0.75,1,0.25
-86.1575,39.771,1236,0,0,1088,0.8802589,1088,0.8802589,148,0.1197411,27,0,0,22,0.814814815,22,0.814814815,5,0.185185185
-86.1575,39.7715,2187,0,0,1911,0.873799726,1911,0.873799726,276,0.126200274,19,0,0,16,0.842105263,16,0.842105263,3,0.157894737
-86.1575,39.772,2786,0,0,2433,0.873295047,2433,0.873295047,353,0.126704953,24,0,0,20,0.833333333,20,0.833333333,4,0.166666667
-86.1575,39.7725,11485,0,0,9508,0.827862429,9508,0.827862429,1977,0.172137571,39,0,0,34,0.871794872,34,0.871794872,5,0.128205128
-86.1575,39.773,138,0,0,133,0.963768116,133,0.963768116,5,0.036231884,6,0,0,5,0.833333333,5,0.833333333,1,0.166666667
-86.1575,39.7735,151,0,0,151,1,151,1,0,0,3,0,0,3,1,3,1,0,0
-86.1575,39.774,5754,0,0,5486,0.953423705,5486,0.953423705,268,0.046576295,50,0,0,44,0.88,44,0.88,6,0.12
-86.1575,39.7745,1047,0,0,1047,1,1047,1,0,0,15,0,0,15,1,15,1,0,0
-86.1575,39.775,1751,0,0,1742,0.99486008,1742,0.99486008,9,0.00513992,15,0,0,13,0.866666667,13,0.866666667,2,0.133333333
-86.1575,39.7755,549,0,0,384,0.699453552,384,0.699453552,165,0.300546448,10,0,0,8,0.8,8,0.8,2,0.2
-86.1575,39.777,445,0,0,124,0.278651685,124,0.278651685,321,0.721348315,5,0,0,3,0.6,3,0.6,2,0.4
-86.1575,39.7775,6374,0,0,6037,0.947128961,6037,0.947128961,337,0.052871039,11,0,0,9,0.818181818,9,0.818181818,2,0.181818182
-86.157,39.767,796,0,0,706,0.886934673,706,0.886934673,90,0.113065327,8,0,0,5,0.625,5,0.625,3,0.375
-86.157,39.7695,183,0,0,177,0.967213115,177,0.967213115,6,0.032786885,6,0,0,4,0.666666667,4,0.666666667,2,0.333333333
-86.157,39.771,160,0,0,160,1,160,1,0,0,2,0,0,2,1,2,1,0,0
-86.157,39.774,1182,0,0,1070,0.905245347,1070,0.905245347,112,0.094754653,18,0,0,15,0.833333333,15,0.833333333,3,0.166666667
-86.157,39.775,576,0,0,560,0.972222222,560,0.972222222,16,0.027777778,11,0,0,10,0.909090909,10,0.909090909,1,0.090909091
-86.157,39.7755,388,0,0,384,0.989690722,384,0.989690722,4,0.010309278,7,0,0,6,0.857142857,6,0.857142857,1,0.142857143
-86.1565,39.7665,80,0,0,80,1,80,1,0,0,2,0,0,2,1,2,1,0,0
-86.1565,39.767,438,0,0,382,0.872146119,382,0.872146119,56,0.127853881,5,0,0,4,0.8,4,0.8,1,0.2
-86.1565,39.7695,226,0,0,201,0.889380531,201,0.889380531,25,0.110619469,18,0,0,12,0.666666667,12,0.666666667,6,0.333333333
-86.1565,39.771,186,0,0,167,0.897849462,167,0.897849462,19,0.102150538,10,0,0,7,0.7,7,0.7,3,0.3
-86.1565,39.774,1574,0,0,1261,0.801143583,1261,0.801143583,313,0.198856417,23,0,0,17,0.739130435,17,0.739130435,6,0.260869565
-86.1565,39.775,627,0,0,627,1,627,1,0,0,11,0,0,11,1,11,1,0,0
-86.1565,39.7755,112,0,0,112,1,112,1,0,0,4,0,0,4,1,4,1,0,0
-86.156,39.7665,2274,0,0,1680,0.73878628,1680,0.73878628,594,0.26121372,18,0,0,10,0.555555556,10,0.555555556,8,0.444444444
-86.156,39.767,2899,0,0,1357,0.468092446,1357,0.468092446,1542,0.531907554,19,0,0,11,0.578947368,11,0.578947368,8,0.421052632
-86.156,39.7675,1130,0,0,554,0.490265487,554,0.490265487,576,0.509734513,18,0,0,9,0.5,9,0.5,9,0.5
-86.156,39.768,1517,0,0,857,0.564930784,857,0.564930784,660,0.435069216,16,0,0,7,0.4375,7,0.4375,9,0.5625
-86.156,39.7685,4711,0,0,2853,0.605603906,2853,0.605603906,1858,0.394396094,63,0,0,51,0.80952381,51,0.80952381,12,0.19047619
-86.156,39.769,1199,0,0,756,0.630525438,756,0.630525438,443,0.369474562,21,0,0,13,0.619047619,13,0.619047619,8,0.380952381
-86.156,39.7695,5153,0,0,4694,0.910925674,4694,0.910925674,459,0.089074326,23,0,0,15,0.652173913,15,0.652173913,8,0.347826087
-86.156,39.771,1121,0,0,883,0.787689563,883,0.787689563,238,0.212310437,35,0,0,30,0.857142857,30,0.857142857,5,0.142857143
-86.156,39.7715,1789,0,0,1201,0.671324762,1201,0.671324762,588,0.328675238,47,0,0,36,0.765957447,36,0.765957447,11,0.234042553
-86.156,39.772,809,0,0,390,0.482076638,390,0.482076638,419,0.517923362,30,0,0,15,0.5,15,0.5,15,0.5
-86.156,39.7725,1045,0,0,589,0.563636364,589,0.563636364,456,0.436363636,23,0,0,13,0.565217391,13,0.565217391,10,0.434782609
-86.156,39.773,1137,0,0,515,0.45294635,515,0.45294635,622,0.54705365,14,0,0,8,0.571428571,8,0.571428571,6,0.428571429
-86.156,39.7735,849,0,0,381,0.448763251,381,0.448763251,468,0.551236749,10,0,0,5,0.5,5,0.5,5,0.5
-86.156,39.774,5112,0,0,3487,0.682120501,3487,0.682120501,1625,0.317879499,22,0,0,15,0.681818182,15,0.681818182,7,0.318181818
-86.156,39.7745,1515,0,0,1129,0.745214521,1129,0.745214521,386,0.254785479,13,0,0,8,0.615384615,8,0.615384615,5,0.384615385
-86.156,39.775,9821,0,0,7927,0.807147948,7927,0.807147948,1894,0.192852052,54,0,0,35,0.648148148,35,0.648148148,19,0.351851852
-86.156,39.7755,82,0,0,82,1,82,1,0,0,3,0,0,3,1,3,1,0,0
-86.156,39.7775,244,0,0,244,1,244,1,0,0,3,0,0,3,1,3,1,0,0
-86.1555,39.7665,2300,0,0,2300,1,2300,1,0,0,3,0,0,3,1,3,1,0,0
-86.1555,39.767,381,0,0,381,1,381,1,0,0,4,0,0,4,1,4,1,0,0
-86.1555,39.768,61,0,0,0,0,0,0,61,1,1,0,0,0,0,0,0,1,1
-86.1555,39.7695,1746,0,0,1179,0.675257732,1179,0.675257732,567,0.324742268,34,0,0,23,0.676470588,23,0.676470588,11,0.323529412
-86.1555,39.77,60,0,0,60,1,60,1,0,0,2,0,0,2,1,2,1,0,0
-86.1555,39.771,1103,0,0,989,0.896645512,989,0.896645512,114,0.103354488,33,0,0,25,0.757575758,25,0.757575758,8,0.242424242
-86.1555,39.7715,153,0,0,138,0.901960784,138,0.901960784,15,0.098039216,5,0,0,4,0.8,4,0.8,1,0.2
-86.1555,39.774,2049,0,0,1590,0.775988287,1590,0.775988287,459,0.224011713,20,0,0,15,0.75,15,0.75,5,0.25
-86.1555,39.7745,618,0,0,308,0.498381877,308,0.498381877,310,0.501618123,11,0,0,6,0.545454545,6,0.545454545,5,0.454545455
-86.1555,39.775,5169,0,0,3373,0.652544012,3373,0.652544012,1796,0.347455988,33,0,0,21,0.636363636,21,0.636363636,12,0.363636364
-86.1555,39.7755,2672,0,0,1168,0.437125749,1168,0.437125749,1504,0.562874251,23,0,0,13,0.565217391,13,0.565217391,10,0.434782609
-86.1555,39.7765,179,0,0,171,0.955307263,171,0.955307263,8,0.044692737,3,0,0,2,0.666666667,2,0.666666667,1,0.333333333
-86.1555,39.7775,120,0,0,115,0.958333333,115,0.958333333,5,0.041666667,4,0,0,3,0.75,3,0.75,1,0.25
-86.155,39.7665,506,0,0,506,1,506,1,0,0,3,0,0,3,1,3,1,0,0
-86.155,39.767,84,0,0,84,1,84,1,0,0,2,0,0,2,1,2,1,0,0
-86.155,39.7695,886,0,0,557,0.628668172,557,0.628668172,329,0.371331828,27,0,0,16,0.592592593,16,0.592592593,11,0.407407407
-86.155,39.77,81,0,0,81,1,81,1,0,0,5,0,0,5,1,5,1,0,0
-86.155,39.771,882,0,0,714,0.80952381,714,0.80952381,168,0.19047619,18,0,0,12,0.666666667,12,0.666666667,6,0.333333333
-86.155,39.774,199,0,0,195,0.979899497,195,0.979899497,4,0.020100503,4,0,0,3,0.75,3,0.75,1,0.25
-86.155,39.775,1135,0,0,952,0.83876652,952,0.83876652,183,0.16123348,17,0,0,12,0.705882353,12,0.705882353,5,0.294117647
-86.155,39.7755,1099,0,0,216,0.196542311,216,0.196542311,883,0.803457689,7,0,0,4,0.571428571,4,0.571428571,3,0.428571429
-86.1545,39.7665,5614,0,0,4317,0.768970431,4317,0.768970431,1297,0.231029569,70,0,0,57,0.814285714,57,0.814285714,13,0.185714286
-86.1545,39.767,1197,0,0,690,0.576441103,690,0.576441103,507,0.423558897,20,0,0,15,0.75,15,0.75,5,0.25
-86.1545,39.7675,1197,0,0,196,0.16374269,196,0.16374269,1001,0.83625731,8,0,0,2,0.25,2,0.25,6,0.75
-86.1545,39.7695,2225,0,0,1835,0.824719101,1835,0.824719101,390,0.175280899,46,0,0,31,0.673913043,31,0.673913043,15,0.326086957
-86.1545,39.771,4401,0,0,3547,0.805953192,3547,0.805953192,854,0.194046808,48,0,0,34,0.708333333,34,0.708333333,14,0.291666667
-86.1545,39.774,1288,0,0,1285,0.997670807,1285,0.997670807,3,0.002329193,6,0,0,5,0.833333333,5,0.833333333,1,0.166666667
-86.1545,39.775,579,0,0,418,0.72193437,418,0.72193437,161,0.27806563,14,0,0,11,0.785714286,11,0.785714286,3,0.214285714
-86.154,39.7665,1521,0,0,1084,0.71268902,1084,0.71268902,437,0.28731098,13,0,0,10,0.769230769,10,0.769230769,3,0.230769231
-86.154,39.767,16889,0,0,6211,0.36775416,6211,0.36775416,10678,0.63224584,43,0,0,28,0.651162791,28,0.651162791,15,0.348837209
-86.154,39.7675,2552,0,0,1573,0.61637931,1573,0.61637931,979,0.38362069,33,0,0,23,0.696969697,23,0.696969697,10,0.303030303
-86.154,39.768,2808,0,0,1743,0.620726496,1743,0.620726496,1065,0.379273504,43,0,0,29,0.674418605,29,0.674418605,14,0.325581395
-86.154,39.7685,2724,0,0,1649,0.605359765,1649,0.605359765,1075,0.394640235,49,0,0,32,0.653061224,32,0.653061224,17,0.346938776
-86.154,39.769,3763,0,0,2449,0.650810524,2449,0.650810524,1314,0.349189476,62,0,0,30,0.483870968,30,0.483870968,32,0.516129032
-86.154,39.7695,9892,0,0,5419,0.547816417,5419,0.547816417,4473,0.452183583,79,0,0,46,0.582278481,46,0.582278481,33,0.417721519
-86.154,39.77,1812,0,0,807,0.445364238,807,0.445364238,1005,0.554635762,58,0,0,24,0.413793103,24,0.413793103,34,0.586206897
-86.154,39.7705,2164,0,0,948,0.438077634,948,0.438077634,1216,0.561922366,38,0,0,16,0.421052632,16,0.421052632,22,0.578947368
-86.154,39.771,3855,0,0,2129,0.55226978,2129,0.55226978,1726,0.44773022,35,0,0,23,0.657142857,23,0.657142857,12,0.342857143
-86.154,39.7715,1773,0,0,1099,0.619853356,1099,0.619853356,674,0.380146644,30,0,0,17,0.566666667,17,0.566666667,13,0.433333333
-86.154,39.772,7568,0,0,5807,0.767309725,5807,0.767309725,1761,0.232690275,39,0,0,22,0.564102564,22,0.564102564,17,0.435897436
-86.154,39.7725,2424,0,0,1452,0.599009901,1452,0.599009901,972,0.400990099,31,0,0,20,0.64516129,20,0.64516129,11,0.35483871
-86.154,39.773,873,0,0,726,0.83161512,726,0.83161512,147,0.16838488,13,0,0,11,0.846153846,11,0.846153846,2,0.153846154
-86.154,39.7735,1949,0,0,1719,0.881990764,1719,0.881990764,230,0.118009236,22,0,0,18,0.818181818,18,0.818181818,4,0.181818182
-86.154,39.774,1495,0,0,1364,0.912374582,1364,0.912374582,131,0.087625418,38,0,0,32,0.842105263,32,0.842105263,6,0.157894737
-86.154,39.7745,694,0,0,524,0.755043228,524,0.755043228,170,0.244956772,17,0,0,12,0.705882353,12,0.705882353,5,0.294117647
-86.154,39.775,1621,0,0,1160,0.71560765,1160,0.71560765,461,0.28439235,24,0,0,15,0.625,15,0.625,9,0.375
-86.154,39.7755,240,0,0,0,0,0,0,240,1,4,0,0,0,0,0,0,4,1
-86.154,39.776,275,0,0,0,0,0,0,275,1,4,0,0,0,0,0,0,4,1
-86.154,39.7765,706,0,0,69,0.097733711,69,0.097733711,637,0.902266289,5,0,0,1,0.2,1,0.2,4,0.8
-86.154,39.7775,252,0,0,252,1,252,1,0,0,2,0,0,2,1,2,1,0,0
-86.1535,39.7665,1558,0,0,1447,0.928754814,1447,0.928754814,111,0.071245186,11,0,0,7,0.636363636,7,0.636363636,4,0.363636364
-86.1535,39.767,1852,0,0,1035,0.558855292,1035,0.558855292,817,0.441144708,16,0,0,10,0.625,10,0.625,6,0.375
-86.1535,39.7695,176,0,0,176,1,176,1,0,0,1,0,0,1,1,1,1,0,0
-86.1535,39.771,814,0,0,388,0.476658477,388,0.476658477,426,0.523341523,15,0,0,10,0.666666667,10,0.666666667,5,0.333333333
-86.1535,39.7725,786,0,0,321,0.408396947,321,0.408396947,465,0.591603053,13,0,0,6,0.461538462,6,0.461538462,7,0.538461538
-86.1535,39.774,577,0,0,566,0.980935875,566,0.980935875,11,0.019064125,8,0,0,6,0.75,6,0.75,2,0.25
-86.1535,39.775,571,0,0,367,0.642732049,367,0.642732049,204,0.357267951,4,0,0,1,0.25,1,0.25,3,0.75
-86.153,39.7665,1056,0,0,662,0.626893939,662,0.626893939,394,0.373106061,17,0,0,10,0.588235294,10,0.588235294,7,0.411764706
-86.153,39.767,2798,0,0,1883,0.672980701,1883,0.672980701,915,0.327019299,21,0,0,13,0.619047619,13,0.619047619,8,0.380952381
-86.153,39.7695,212,0,0,206,0.971698113,206,0.971698113,6,0.028301887,3,0,0,2,0.666666667,2,0.666666667,1,0.333333333
-86.153,39.771,782,0,0,361,0.461636829,361,0.461636829,421,0.538363171,13,0,0,8,0.615384615,8,0.615384615,5,0.384615385
-86.153,39.7725,862,0,0,333,0.386310905,333,0.386310905,529,0.613689095,11,0,0,6,0.545454545,6,0.545454545,5,0.454545455
-86.153,39.774,234,0,0,234,1,234,1,0,0,4,0,0,4,1,4,1,0,0
-86.1525,39.7665,655,0,0,419,0.639694656,419,0.639694656,236,0.360305344,19,0,0,12,0.631578947,12,0.631578947,7,0.368421053
-86.1525,39.767,6237,0,0,3604,0.577841911,3604,0.577841911,2633,0.422158089,78,0,0,43,0.551282051,43,0.551282051,35,0.448717949
-86.1525,39.7675,2054,0,0,867,0.422103213,867,0.422103213,1187,0.577896787,42,0,0,17,0.404761905,17,0.404761905,25,0.595238095
-86.1525,39.768,2247,0,0,919,0.408989764,919,0.408989764,1328,0.591010236,23,0,0,13,0.565217391,13,0.565217391,10,0.434782609
-86.1525,39.7685,2974,0,0,1062,0.357094822,1062,0.357094822,1912,0.642905178,31,0,0,18,0.580645161,18,0.580645161,13,0.419354839
-86.1525,39.769,1848,0,0,459,0.248376623,459,0.248376623,1389,0.751623377,21,0,0,7,0.333333333,7,0.333333333,14,0.666666667
-86.1525,39.7695,6083,0,0,3779,0.62123952,3779,0.62123952,2304,0.37876048,44,0,0,21,0.477272727,21,0.477272727,23,0.522727273
-86.1525,39.77,3593,0,0,1996,0.555524631,1996,0.555524631,1597,0.444475369,54,0,0,24,0.444444444,24,0.444444444,30,0.555555556
-86.1525,39.7705,1826,0,0,1136,0.622124863,1136,0.622124863,690,0.377875137,24,0,0,16,0.666666667,16,0.666666667,8,0.333333333
-86.1525,39.771,11267,0,0,7368,0.65394515,7368,0.65394515,3899,0.34605485,53,0,0,42,0.79245283,42,0.79245283,11,0.20754717
-86.1525,39.7715,984,0,0,831,0.844512195,831,0.844512195,153,0.155487805,17,0,0,15,0.882352941,15,0.882352941,2,0.117647059
-86.1525,39.772,638,0,0,540,0.846394984,540,0.846394984,98,0.153605016,15,0,0,13,0.866666667,13,0.866666667,2,0.133333333
-86.1525,39.7725,2592,0,0,1705,0.65779321,1705,0.65779321,887,0.34220679,26,0,0,17,0.653846154,17,0.653846154,9,0.346153846
-86.1525,39.7735,1955,0,0,1950,0.997442455,1950,0.997442455,5,0.002557545,5,0,0,3,0.6,3,0.6,2,0.4
-86.1525,39.774,168,0,0,168,1,168,1,0,0,3,0,0,3,1,3,1,0,0
-86.152,39.768,59,0,0,59,1,59,1,0,0,1,0,0,1,1,1,1,0,0
-86.152,39.7695,268,0,0,218,0.813432836,218,0.813432836,50,0.186567164,3,0,0,2,0.666666667,2,0.666666667,1,0.333333333
-86.152,39.771,7584,0,0,7099,0.936049578,7099,0.936049578,485,0.063950422,67,0,0,61,0.910447761,61,0.910447761,6,0.089552239
-86.152,39.7715,4145,0,0,3793,0.915078408,3793,0.915078408,352,0.084921592,53,0,0,48,0.905660377,48,0.905660377,5,0.094339623
-86.152,39.772,3064,0,0,2715,0.886096606,2715,0.886096606,349,0.113903394,107,0,0,98,0.91588785,98,0.91588785,9,0.08411215
-86.152,39.7725,9358,0,0,8212,0.877537935,8212,0.877537935,1146,0.122462065,47,0,0,40,0.85106383,40,0.85106383,7,0.14893617
-86.152,39.773,3640,0,0,3293,0.90467033,3293,0.90467033,347,0.09532967,76,0,0,70,0.921052632,70,0.921052632,6,0.078947368
-86.152,39.7735,17589,0,0,15920,0.905111149,15920,0.905111149,1669,0.094888851,81,0,0,74,0.913580247,74,0.913580247,7,0.086419753
-86.152,39.774,647,0,0,462,0.714064915,462,0.714064915,185,0.285935085,4,0,0,3,0.75,3,0.75,1,0.25
-86.152,39.7745,153,0,0,152,0.993464052,152,0.993464052,1,0.006535948,4,0,0,3,0.75,3,0.75,1,0.25
-86.152,39.775,988,0,0,900,0.910931174,900,0.910931174,88,0.089068826,8,0,0,6,0.75,6,0.75,2,0.25
-86.152,39.7755,864,0,0,751,0.869212963,751,0.869212963,113,0.130787037,9,0,0,6,0.666666667,6,0.666666667,3,0.333333333
-86.1515,39.7695,241,0,0,209,0.867219917,209,0.867219917,32,0.132780083,3,0,0,2,0.666666667,2,0.666666667,1,0.333333333
-86.1515,39.771,1993,0,0,1785,0.895634722,1785,0.895634722,208,0.104365278,72,0,0,63,0.875,63,0.875,9,0.125
-86.1515,39.7735,4557,0,0,4075,0.894228659,4075,0.894228659,482,0.105771341,31,0,0,28,0.903225806,28,0.903225806,3,0.096774194
-86.1515,39.774,358,0,0,358,1,358,1,0,0,2,0,0,2,1,2,1,0,0
-86.151,39.7695,544,0,0,484,0.889705882,484,0.889705882,60,0.110294118,3,0,0,2,0.666666667,2,0.666666667,1,0.333333333
-86.151,39.771,2292,0,0,2130,0.929319372,2130,0.929319372,162,0.070680628,35,0,0,29,0.828571429,29,0.828571429,6,0.171428571
-86.151,39.7735,4896,0,0,4719,0.963848039,4719,0.963848039,177,0.036151961,28,0,0,25,0.892857143,25,0.892857143,3,0.107142857
-86.151,39.774,130,0,0,130,1,130,1,0,0,4,0,0,4,1,4,1,0,0
-86.1505,39.7665,740,0,0,677,0.914864865,677,0.914864865,63,0.085135135,9,0,0,6,0.666666667,6,0.666666667,3,0.333333333
-86.1505,39.767,552,0,0,67,0.121376812,67,0.121376812,485,0.878623188,3,0,0,1,0.333333333,1,0.333333333,2,0.666666667
-86.1505,39.7675,69,0,0,0,0,0,0,69,1,1,0,0,0,0,0,0,1,1
-86.1505,39.7695,625,0,0,625,1,625,1,0,0,2,0,0,2,1,2,1,0,0
-86.1505,39.771,14050,0,0,12108,0.861779359,12108,0.861779359,1942,0.138220641,20,0,0,16,0.8,16,0.8,4,0.2
-86.1505,39.7715,2497,0,0,2031,0.813376051,2031,0.813376051,466,0.186623949,17,0,0,13,0.764705882,13,0.764705882,4,0.235294118
-86.1505,39.772,2939,0,0,2520,0.857434502,2520,0.857434502,419,0.142565498,16,0,0,12,0.75,12,0.75,4,0.25
-86.1505,39.7725,2739,0,0,2492,0.909821103,2492,0.909821103,247,0.090178897,88,0,0,83,0.943181818,83,0.943181818,5,0.056818182
-86.1505,39.773,4067,0,0,3662,0.900417999,3662,0.900417999,405,0.099582001,28,0,0,24,0.857142857,24,0.857142857,4,0.142857143
-86.1505,39.7735,11448,0,0,10219,0.892645003,10219,0.892645003,1229,0.107354997,31,0,0,28,0.903225806,28,0.903225806,3,0.096774194
-86.1505,39.774,907,0,0,907,1,907,1,0,0,3,0,0,3,1,3,1,0,0
-86.1505,39.7745,194,0,0,194,1,194,1,0,0,3,0,0,3,1,3,1,0,0
-86.1505,39.775,173,0,0,173,1,173,1,0,0,4,0,0,4,1,4,1,0,0
-86.1505,39.7755,108,0,0,108,1,108,1,0,0,4,0,0,4,1,4,1,0,0
-86.1505,39.776,82,0,0,82,1,82,1,0,0,1,0,0,1,1,1,1,0,0