grid_lat,grid_lon,total_sample,mw_sample,mw_ratio,sub6_sample,sub6_ratio,5g_sample,5g_sample,lte_sample,lte_ratio,total_cs_sample,mw_cs_sample,mw_cs_ratio,sub6_cs_sample,sub6_cs_ratio,5g_cs_sample,5g_cs_sample,lte_cs_sample,lte_cs_ratio
-87.6835,41.8775,2301,0,0.0,971,0.4219904389395915,971,0.4219904389395915,1330,0.5780095610604086,9,0,0.0,4,0.4444444444444444,4,0.4444444444444444,5,0.5555555555555556
-87.6835,41.878,474,0,0.0,207,0.43670886075949367,207,0.43670886075949367,267,0.5632911392405063,9,0,0.0,4,0.4444444444444444,4,0.4444444444444444,5,0.5555555555555556
-87.6835,41.8785,1296,0,0.0,583,0.4498456790123457,583,0.4498456790123457,713,0.5501543209876543,11,0,0.0,5,0.45454545454545453,5,0.45454545454545453,6,0.5454545454545454
-87.6835,41.879,6623,0,0.0,6358,0.9599879208817756,6358,0.9599879208817756,265,0.04001207911822437,13,0,0.0,8,0.6153846153846154,8,0.6153846153846154,5,0.38461538461538464
-87.6835,41.8795,1103,0,0.0,758,0.6872166817769719,758,0.6872166817769719,345,0.31278331822302813,13,0,0.0,8,0.6153846153846154,8,0.6153846153846154,5,0.38461538461538464
-87.6835,41.88,915,0,0.0,540,0.5901639344262295,540,0.5901639344262295,375,0.4098360655737705,13,0,0.0,8,0.6153846153846154,8,0.6153846153846154,5,0.38461538461538464
-87.6835,41.8805,1274,0,0.0,1016,0.7974882260596546,1016,0.7974882260596546,258,0.20251177394034536,12,0,0.0,7,0.5833333333333334,7,0.5833333333333334,5,0.4166666666666667
-87.6835,41.881,2654,0,0.0,1527,0.5753579502637528,1527,0.5753579502637528,1127,0.4246420497362472,14,0,0.0,8,0.5714285714285714,8,0.5714285714285714,6,0.42857142857142855
-87.6835,41.8815,488,0,0.0,229,0.4692622950819672,229,0.4692622950819672,259,0.5307377049180327,4,0,0.0,3,0.75,3,0.75,1,0.25
-87.6835,41.882,838,0,0.0,473,0.5644391408114559,473,0.5644391408114559,365,0.43556085918854415,8,0,0.0,6,0.75,6,0.75,2,0.25
-87.6835,41.8825,560,0,0.0,516,0.9214285714285714,516,0.9214285714285714,44,0.07857142857142857,10,0,0.0,7,0.7,7,0.7,3,0.3
-87.6835,41.883,781,0,0.0,510,0.6530089628681178,510,0.6530089628681178,271,0.34699103713188223,14,0,0.0,11,0.7857142857142857,11,0.7857142857142857,3,0.21428571428571427
-87.6835,41.8835,86,0,0.0,0,0.0,0,0.0,86,1.0,1,0,0.0,0,0.0,0,0.0,1,1.0
-87.683,41.8775,309,0,0.0,145,0.4692556634304207,145,0.4692556634304207,164,0.5307443365695793,11,0,0.0,5,0.45454545454545453,5,0.45454545454545453,6,0.5454545454545454
-87.683,41.8785,113,0,0.0,39,0.34513274336283184,39,0.34513274336283184,74,0.6548672566371682,3,0,0.0,1,0.3333333333333333,1,0.3333333333333333,2,0.6666666666666666
-87.683,41.881,356,0,0.0,258,0.7247191011235955,258,0.7247191011235955,98,0.2752808988764045,6,0,0.0,3,0.5,3,0.5,3,0.5
-87.683,41.882,108,0,0.0,72,0.6666666666666666,72,0.6666666666666666,36,0.3333333333333333,3,0,0.0,2,0.6666666666666666,2,0.6666666666666666,1,0.3333333333333333
-87.683,41.8825,214,0,0.0,0,0.0,0,0.0,214,1.0,1,0,0.0,0,0.0,0,0.0,1,1.0
-87.683,41.883,685,0,0.0,192,0.28029197080291973,192,0.28029197080291973,493,0.7197080291970803,20,0,0.0,11,0.55,11,0.55,9,0.45
-87.683,41.8835,49,0,0.0,0,0.0,0,0.0,49,1.0,1,0,0.0,0,0.0,0,0.0,1,1.0
-87.6825,41.8775,381,0,0.0,184,0.48293963254593175,184,0.48293963254593175,197,0.5170603674540682,21,0,0.0,13,0.6190476190476191,13,0.6190476190476191,8,0.38095238095238093
-87.6825,41.8785,129,0,0.0,44,0.34108527131782945,44,0.34108527131782945,85,0.6589147286821705,3,0,0.0,1,0.3333333333333333,1,0.3333333333333333,2,0.6666666666666666
-87.6825,41.881,277,0,0.0,190,0.6859205776173285,190,0.6859205776173285,87,0.3140794223826715,10,0,0.0,5,0.5,5,0.5,5,0.5
-87.6825,41.882,104,0,0.0,70,0.6730769230769231,70,0.6730769230769231,34,0.3269230769230769,3,0,0.0,2,0.6666666666666666,2,0.6666666666666666,1,0.3333333333333333
-87.6825,41.883,318,0,0.0,190,0.5974842767295597,190,0.5974842767295597,128,0.4025157232704403,7,0,0.0,4,0.5714285714285714,4,0.5714285714285714,3,0.42857142857142855
-87.6825,41.8835,81,0,0.0,0,0.0,0,0.0,81,1.0,1,0,0.0,0,0.0,0,0.0,1,1.0
-87.682,41.8775,417,0,0.0,183,0.43884892086330934,183,0.43884892086330934,234,0.5611510791366906,18,0,0.0,9,0.5,9,0.5,9,0.5
-87.682,41.8785,128,0,0.0,41,0.3203125,41,0.3203125,87,0.6796875,3,0,0.0,1,0.3333333333333333,1,0.3333333333333333,2,0.6666666666666666
-87.682,41.881,273,0,0.0,171,0.6263736263736264,171,0.6263736263736264,102,0.37362637362637363,23,0,0.0,12,0.5217391304347826,12,0.5217391304347826,11,0.4782608695652174
-87.682,41.882,103,0,0.0,68,0.6601941747572816,68,0.6601941747572816,35,0.33980582524271846,3,0,0.0,2,0.6666666666666666,2,0.6666666666666666,1,0.3333333333333333
-87.682,41.883,308,0,0.0,198,0.6428571428571429,198,0.6428571428571429,110,0.35714285714285715,7,0,0.0,4,0.5714285714285714,4,0.5714285714285714,3,0.42857142857142855
-87.682,41.8835,42,0,0.0,0,0.0,0,0.0,42,1.0,1,0,0.0,0,0.0,0,0.0,1,1.0
-87.6815,41.8775,2176,0,0.0,1144,0.5257352941176471,1144,0.5257352941176471,1032,0.4742647058823529,13,0,0.0,8,0.6153846153846154,8,0.6153846153846154,5,0.38461538461538464
-87.6815,41.878,2,0,0.0,2,1.0,2,1.0,0,0.0,1,0,0.0,1,1.0,1,1.0,0,0.0
-87.6815,41.8785,1826,0,0.0,1632,0.8937568455640745,1632,0.8937568455640745,194,0.10624315443592552,30,0,0.0,24,0.8,24,0.8,6,0.2
-87.6815,41.879,819,0,0.0,739,0.9023199023199023,739,0.9023199023199023,80,0.09768009768009768,24,0,0.0,22,0.9166666666666666,22,0.9166666666666666,2,0.08333333333333333
-87.6815,41.8795,1788,0,0.0,1722,0.9630872483221476,1722,0.9630872483221476,66,0.03691275167785235,37,0,0.0,31,0.8378378378378378,31,0.8378378378378378,6,0.16216216216216217
-87.6815,41.88,2793,0,0.0,2650,0.9488005728607233,2650,0.9488005728607233,143,0.05119942713927676,39,0,0.0,35,0.8974358974358975,35,0.8974358974358975,4,0.10256410256410256
-87.6815,41.8805,2872,0,0.0,2476,0.862116991643454,2476,0.862116991643454,396,0.13788300835654596,89,0,0.0,70,0.7865168539325843,70,0.7865168539325843,19,0.21348314606741572
-87.6815,41.881,10293,0,0.0,8747,0.849800835519285,8747,0.849800835519285,1546,0.15019916448071505,152,0,0.0,101,0.6644736842105263,101,0.6644736842105263,51,0.3355263157894737
-87.6815,41.8815,2492,0,0.0,2058,0.8258426966292135,2058,0.8258426966292135,434,0.17415730337078653,52,0,0.0,40,0.7692307692307693,40,0.7692307692307693,12,0.23076923076923078
-87.6815,41.882,7079,0,0.0,6275,0.8864246362480577,6275,0.8864246362480577,804,0.11357536375194237,74,0,0.0,58,0.7837837837837838,58,0.7837837837837838,16,0.21621621621621623
-87.6815,41.8825,4837,0,0.0,4282,0.8852594583419475,4282,0.8852594583419475,555,0.11474054165805252,47,0,0.0,37,0.7872340425531915,37,0.7872340425531915,10,0.2127659574468085
-87.6815,41.883,4764,0,0.0,4456,0.9353484466834593,4456,0.9353484466834593,308,0.06465155331654072,47,0,0.0,37,0.7872340425531915,37,0.7872340425531915,10,0.2127659574468085
-87.6815,41.8835,2318,0,0.0,2097,0.9046591889559965,2097,0.9046591889559965,221,0.09534081104400345,20,0,0.0,17,0.85,17,0.85,3,0.15
-87.6815,41.884,1114,0,0.0,1055,0.9470377019748654,1055,0.9470377019748654,59,0.05296229802513465,11,0,0.0,10,0.9090909090909091,10,0.9090909090909091,1,0.09090909090909091
-87.6815,41.8845,2638,0,0.0,2562,0.9711902956785443,2562,0.9711902956785443,76,0.02880970432145565,13,0,0.0,11,0.8461538461538461,11,0.8461538461538461,2,0.15384615384615385
-87.6815,41.885,623,0,0.0,574,0.9213483146067416,574,0.9213483146067416,49,0.07865168539325842,10,0,0.0,9,0.9,9,0.9,1,0.1
-87.6815,41.8855,674,0,0.0,622,0.9228486646884273,622,0.9228486646884273,52,0.0771513353115727,10,0,0.0,9,0.9,9,0.9,1,0.1
-87.6815,41.886,644,0,0.0,589,0.9145962732919255,589,0.9145962732919255,55,0.08540372670807453,10,0,0.0,9,0.9,9,0.9,1,0.1
-87.681,41.8775,2974,0,0.0,2684,0.902488231338265,2684,0.902488231338265,290,0.09751176866173504,40,0,0.0,31,0.775,31,0.775,9,0.225
-87.681,41.878,1610,0,0.0,1361,0.8453416149068324,1361,0.8453416149068324,249,0.1546583850931677,58,0,0.0,40,0.6896551724137931,40,0.6896551724137931,18,0.3103448275862069
-87.681,41.8785,6734,0,0.0,5386,0.7998217998217998,5386,0.7998217998217998,1348,0.20017820017820018,72,0,0.0,54,0.75,54,0.75,18,0.25
-87.681,41.879,2362,0,0.0,2048,0.8670618120237087,2048,0.8670618120237087,314,0.13293818797629128,45,0,0.0,38,0.8444444444444444,38,0.8444444444444444,7,0.15555555555555556
-87.681,41.8795,4603,0,0.0,3534,0.7677601564197263,3534,0.7677601564197263,1069,0.23223984358027375,44,0,0.0,37,0.8409090909090909,37,0.8409090909090909,7,0.1590909090909091
-87.681,41.88,1401,0,0.0,990,0.7066381156316917,990,0.7066381156316917,411,0.29336188436830835,33,0,0.0,27,0.8181818181818182,27,0.8181818181818182,6,0.18181818181818182
-87.681,41.8805,407,0,0.0,278,0.683046683046683,278,0.683046683046683,129,0.31695331695331697,13,0,0.0,10,0.7692307692307693,10,0.7692307692307693,3,0.23076923076923078
-87.681,41.881,5380,0,0.0,4809,0.8938661710037175,4809,0.8938661710037175,571,0.10613382899628253,109,0,0.0,76,0.6972477064220184,76,0.6972477064220184,33,0.30275229357798167
-87.681,41.8815,396,0,0.0,294,0.7424242424242424,294,0.7424242424242424,102,0.25757575757575757,18,0,0.0,11,0.6111111111111112,11,0.6111111111111112,7,0.3888888888888889
-87.681,41.882,1090,0,0.0,1048,0.9614678899082569,1048,0.9614678899082569,42,0.03853211009174312,25,0,0.0,22,0.88,22,0.88,3,0.12
-87.681,41.8825,124,0,0.0,124,1.0,124,1.0,0,0.0,2,0,0.0,2,1.0,2,1.0,0,0.0
-87.681,41.883,1212,0,0.0,1028,0.8481848184818482,1028,0.8481848184818482,184,0.15181518151815182,16,0,0.0,13,0.8125,13,0.8125,3,0.1875
-87.681,41.8835,453,0,0.0,453,1.0,453,1.0,0,0.0,1,0,0.0,1,1.0,1,1.0,0,0.0
-87.681,41.8845,125,0,0.0,125,1.0,125,1.0,0,0.0,2,0,0.0,2,1.0,2,1.0,0,0.0
-87.6805,41.8775,455,0,0.0,376,0.8263736263736263,376,0.8263736263736263,79,0.17362637362637362,12,0,0.0,9,0.75,9,0.75,3,0.25
-87.6805,41.8785,23409,0,0.0,23125,0.9878679140501516,23125,0.9878679140501516,284,0.012132085949848348,82,0,0.0,58,0.7073170731707317,58,0.7073170731707317,24,0.2926829268292683
-87.6805,41.879,90,0,0.0,90,1.0,90,1.0,0,0.0,1,0,0.0,1,1.0,1,1.0,0,0.0
-87.6805,41.881,1833,0,0.0,1562,0.8521549372613202,1562,0.8521549372613202,271,0.14784506273867976,45,0,0.0,37,0.8222222222222222,37,0.8222222222222222,8,0.17777777777777778
-87.6805,41.882,693,0,0.0,662,0.9552669552669553,662,0.9552669552669553,31,0.044733044733044736,16,0,0.0,15,0.9375,15,0.9375,1,0.0625
-87.6805,41.883,699,0,0.0,619,0.8855507868383404,619,0.8855507868383404,80,0.11444921316165951,14,0,0.0,12,0.8571428571428571,12,0.8571428571428571,2,0.14285714285714285
-87.6805,41.8845,78,0,0.0,78,1.0,78,1.0,0,0.0,2,0,0.0,2,1.0,2,1.0,0,0.0
-87.68,41.8775,426,0,0.0,354,0.8309859154929577,354,0.8309859154929577,72,0.16901408450704225,10,0,0.0,8,0.8,8,0.8,2,0.2
-87.68,41.8785,2982,0,0.0,2513,0.8427230046948356,2513,0.8427230046948356,469,0.1572769953051643,123,0,0.0,81,0.6585365853658537,81,0.6585365853658537,42,0.34146341463414637
-87.68,41.881,1762,0,0.0,1458,0.8274687854710556,1458,0.8274687854710556,304,0.17253121452894438,79,0,0.0,61,0.7721518987341772,61,0.7721518987341772,18,0.22784810126582278
-87.68,41.882,670,0,0.0,642,0.9582089552238806,642,0.9582089552238806,28,0.041791044776119404,16,0,0.0,15,0.9375,15,0.9375,1,0.0625
-87.68,41.883,683,0,0.0,603,0.8828696925329429,603,0.8828696925329429,80,0.1171303074670571,14,0,0.0,12,0.8571428571428571,12,0.8571428571428571,2,0.14285714285714285
-87.68,41.8845,58,0,0.0,58,1.0,58,1.0,0,0.0,2,0,0.0,2,1.0,2,1.0,0,0.0
-87.6795,41.8775,454,0,0.0,380,0.8370044052863436,380,0.8370044052863436,74,0.16299559471365638,10,0,0.0,8,0.8,8,0.8,2,0.2
-87.6795,41.8785,2223,0,0.0,1975,0.8884390463337831,1975,0.8884390463337831,248,0.11156095366621682,95,0,0.0,68,0.7157894736842105,68,0.7157894736842105,27,0.28421052631578947
-87.6795,41.881,1827,0,0.0,1604,0.8779419813902573,1604,0.8779419813902573,223,0.12205801860974275,65,0,0.0,55,0.8461538461538461,55,0.8461538461538461,10,0.15384615384615385
-87.6795,41.882,773,0,0.0,741,0.9586028460543338,741,0.9586028460543338,32,0.04139715394566624,16,0,0.0,15,0.9375,15,0.9375,1,0.0625
-87.6795,41.883,705,0,0.0,619,0.8780141843971632,619,0.8780141843971632,86,0.12198581560283688,15,0,0.0,12,0.8,12,0.8,3,0.2
-87.6795,41.8845,49,0,0.0,49,1.0,49,1.0,0,0.0,2,0,0.0,2,1.0,2,1.0,0,0.0
-87.679,41.8775,1097,0,0.0,1008,0.918869644484959,1008,0.918869644484959,89,0.08113035551504102,18,0,0.0,16,0.8888888888888888,16,0.8888888888888888,2,0.1111111111111111
-87.679,41.878,178,0,0.0,174,0.9775280898876404,174,0.9775280898876404,4,0.02247191011235955,7,0,0.0,6,0.8571428571428571,6,0.8571428571428571,1,0.14285714285714285
-87.679,41.8785,2731,0,0.0,2451,0.8974734529476383,2451,0.8974734529476383,280,0.10252654705236178,67,0,0.0,53,0.7910447761194029,53,0.7910447761194029,14,0.208955223880597
-87.679,41.881,3416,0,0.0,2903,0.849824355971897,2903,0.849824355971897,513,0.15017564402810304,71,0,0.0,58,0.8169014084507042,58,0.8169014084507042,13,0.18309859154929578
-87.679,41.882,2307,0,0.0,2219,0.9618552232336367,2219,0.9618552232336367,88,0.03814477676636324,23,0,0.0,19,0.8260869565217391,19,0.8260869565217391,4,0.17391304347826086
-87.679,41.8825,207,0,0.0,201,0.9710144927536232,201,0.9710144927536232,6,0.028985507246376812,5,0,0.0,4,0.8,4,0.8,1,0.2
-87.679,41.883,1050,0,0.0,939,0.8942857142857142,939,0.8942857142857142,111,0.10571428571428572,16,0,0.0,14,0.875,14,0.875,2,0.125
-87.679,41.884,8,0,0.0,8,1.0,8,1.0,0,0.0,1,0,0.0,1,1.0,1,1.0,0,0.0
-87.679,41.8845,45,0,0.0,45,1.0,45,1.0,0,0.0,2,0,0.0,2,1.0,2,1.0,0,0.0
-87.6785,41.8775,715,0,0.0,548,0.7664335664335664,548,0.7664335664335664,167,0.23356643356643356,16,0,0.0,12,0.75,12,0.75,4,0.25
-87.6785,41.878,1,0,0.0,1,1.0,1,1.0,0,0.0,1,0,0.0,1,1.0,1,1.0,0,0.0
-87.6785,41.8785,3007,0,0.0,2790,0.9278350515463918,2790,0.9278350515463918,217,0.07216494845360824,61,0,0.0,53,0.8688524590163934,53,0.8688524590163934,8,0.13114754098360656
-87.6785,41.881,2896,0,0.0,2552,0.8812154696132597,2552,0.8812154696132597,344,0.11878453038674033,50,0,0.0,45,0.9,45,0.9,5,0.1
-87.6785,41.882,959,0,0.0,880,0.9176225234619395,880,0.9176225234619395,79,0.08237747653806048,48,0,0.0,36,0.75,36,0.75,12,0.25
-87.6785,41.883,3122,0,0.0,2822,0.9039077514413837,2822,0.9039077514413837,300,0.09609224855861627,38,0,0.0,27,0.7105263157894737,27,0.7105263157894737,11,0.2894736842105263
-87.6785,41.884,24,0,0.0,24,1.0,24,1.0,0,0.0,1,0,0.0,1,1.0,1,1.0,0,0.0
-87.6785,41.8845,31,0,0.0,31,1.0,31,1.0,0,0.0,1,0,0.0,1,1.0,1,1.0,0,0.0
-87.678,41.8775,124,0,0.0,83,0.6693548387096774,83,0.6693548387096774,41,0.33064516129032256,4,0,0.0,3,0.75,3,0.75,1,0.25
-87.678,41.8785,2095,0,0.0,1903,0.9083532219570406,1903,0.9083532219570406,192,0.09164677804295943,61,0,0.0,51,0.8360655737704918,51,0.8360655737704918,10,0.16393442622950818
-87.678,41.881,1972,0,0.0,1758,0.8914807302231237,1758,0.8914807302231237,214,0.10851926977687627,69,0,0.0,56,0.8115942028985508,56,0.8115942028985508,13,0.18840579710144928
-87.678,41.882,835,0,0.0,751,0.8994011976047904,751,0.8994011976047904,84,0.10059880239520957,37,0,0.0,28,0.7567567567567568,28,0.7567567567567568,9,0.24324324324324326
-87.678,41.883,837,0,0.0,692,0.8267622461170848,692,0.8267622461170848,145,0.17323775388291518,50,0,0.0,35,0.7,35,0.7,15,0.3
-87.678,41.8845,63,0,0.0,63,1.0,63,1.0,0,0.0,2,0,0.0,2,1.0,2,1.0,0,0.0
-87.6775,41.8775,173,0,0.0,135,0.7803468208092486,135,0.7803468208092486,38,0.21965317919075145,8,0,0.0,6,0.75,6,0.75,2,0.25
-87.6775,41.8785,1876,0,0.0,1731,0.9227078891257996,1731,0.9227078891257996,145,0.07729211087420043,55,0,0.0,47,0.8545454545454545,47,0.8545454545454545,8,0.14545454545454545
-87.6775,41.881,1475,0,0.0,1269,0.8603389830508474,1269,0.8603389830508474,206,0.13966101694915253,69,0,0.0,48,0.6956521739130435,48,0.6956521739130435,21,0.30434782608695654
-87.6775,41.882,837,0,0.0,752,0.8984468339307049,752,0.8984468339307049,85,0.1015531660692951,59,0,0.0,43,0.7288135593220338,43,0.7288135593220338,16,0.2711864406779661
-87.6775,41.883,816,0,0.0,733,0.8982843137254902,733,0.8982843137254902,83,0.1017156862745098,14,0,0.0,12,0.8571428571428571,12,0.8571428571428571,2,0.14285714285714285
-87.6775,41.8845,103,0,0.0,103,1.0,103,1.0,0,0.0,3,0,0.0,3,1.0,3,1.0,0,0.0
-87.677,41.8775,249,0,0.0,163,0.6546184738955824,163,0.6546184738955824,86,0.3453815261044177,9,0,0.0,6,0.6666666666666666,6,0.6666666666666666,3,0.3333333333333333
-87.677,41.8785,1777,0,0.0,1637,0.9212155317951604,1637,0.9212155317951604,140,0.07878446820483961,44,0,0.0,40,0.9090909090909091,40,0.9090909090909091,4,0.09090909090909091
-87.677,41.881,2133,0,0.0,1901,0.8912330051570558,1901,0.8912330051570558,232,0.1087669948429442,46,0,0.0,35,0.7608695652173914,35,0.7608695652173914,11,0.2391304347826087
-87.677,41.882,1630,0,0.0,1345,0.8251533742331288,1345,0.8251533742331288,285,0.17484662576687116,30,0,0.0,23,0.7666666666666667,23,0.7666666666666667,7,0.23333333333333334
-87.677,41.883,871,0,0.0,754,0.8656716417910447,754,0.8656716417910447,117,0.13432835820895522,14,0,0.0,12,0.8571428571428571,12,0.8571428571428571,2,0.14285714285714285
-87.677,41.8845,102,0,0.0,97,0.9509803921568627,97,0.9509803921568627,5,0.049019607843137254,7,0,0.0,6,0.8571428571428571,6,0.8571428571428571,1,0.14285714285714285
-87.6765,41.8775,16518,0,0.0,10303,0.6237437946482625,10303,0.6237437946482625,6215,0.3762562053517375,432,0,0.0,239,0.5532407407407407,239,0.5532407407407407,193,0.44675925925925924
-87.6765,41.878,4559,0,0.0,3160,0.6931344593112525,3160,0.6931344593112525,1399,0.30686554068874755,159,0,0.0,101,0.6352201257861635,101,0.6352201257861635,58,0.36477987421383645
-87.6765,41.8785,13184,0,0.0,8764,0.664745145631068,8764,0.664745145631068,4420,0.33525485436893204,373,0,0.0,227,0.6085790884718498,227,0.6085790884718498,146,0.3914209115281501
-87.6765,41.879,6103,0,0.0,3999,0.655251515648042,3999,0.655251515648042,2104,0.34474848435195804,157,0,0.0,107,0.6815286624203821,107,0.6815286624203821,50,0.3184713375796178
-87.6765,41.8795,12293,0,0.0,7554,0.6144960546652567,7554,0.6144960546652567,4739,0.38550394533474336,216,0,0.0,140,0.6481481481481481,140,0.6481481481481481,76,0.35185185185185186
-87.6765,41.88,9803,0,0.0,8123,0.8286238906457207,8123,0.8286238906457207,1680,0.1713761093542793,114,0,0.0,96,0.8421052631578947,96,0.8421052631578947,18,0.15789473684210525
-87.6765,41.8805,7004,0,0.0,5209,0.7437178754997145,5209,0.7437178754997145,1795,0.25628212450028554,119,0,0.0,93,0.7815126050420168,93,0.7815126050420168,26,0.2184873949579832
-87.6765,41.881,40475,0,0.0,26647,0.6583570105003088,26647,0.6583570105003088,13828,0.3416429894996912,506,0,0.0,290,0.5731225296442688,290,0.5731225296442688,216,0.4268774703557312
-87.6765,41.8815,10674,0,0.0,8511,0.7973580663293985,8511,0.7973580663293985,2163,0.20264193367060146,105,0,0.0,71,0.6761904761904762,71,0.6761904761904762,34,0.3238095238095238
-87.6765,41.882,14181,0,0.0,9742,0.6869755306395882,9742,0.6869755306395882,4439,0.31302446936041184,127,0,0.0,84,0.6614173228346457,84,0.6614173228346457,43,0.33858267716535434
-87.6765,41.8825,5634,0,0.0,3752,0.665956691515797,3752,0.665956691515797,1882,0.33404330848420305,67,0,0.0,44,0.6567164179104478,44,0.6567164179104478,23,0.34328358208955223
-87.6765,41.883,12989,0,0.0,10512,0.8093001770729078,10512,0.8093001770729078,2477,0.19069982292709214,73,0,0.0,52,0.7123287671232876,52,0.7123287671232876,21,0.2876712328767123
-87.6765,41.8835,3285,0,0.0,2869,0.8733637747336378,2869,0.8733637747336378,416,0.12663622526636226,30,0,0.0,24,0.8,24,0.8,6,0.2
-87.6765,41.884,1453,0,0.0,1226,0.8437715072264281,1226,0.8437715072264281,227,0.15622849277357193,69,0,0.0,46,0.6666666666666666,46,0.6666666666666666,23,0.3333333333333333
-87.6765,41.8845,2049,0,0.0,1875,0.9150805270863837,1875,0.9150805270863837,174,0.0849194729136164,41,0,0.0,31,0.7560975609756098,31,0.7560975609756098,10,0.24390243902439024
-87.6765,41.885,1425,0,0.0,1284,0.9010526315789473,1284,0.9010526315789473,141,0.09894736842105263,19,0,0.0,16,0.8421052631578947,16,0.8421052631578947,3,0.15789473684210525
-87.6765,41.8855,9348,0,0.0,4815,0.5150834403080873,4815,0.5150834403080873,4533,0.4849165596919127,22,0,0.0,16,0.7272727272727273,16,0.7272727272727273,6,0.2727272727272727
-87.6765,41.886,1023,0,0.0,725,0.7086999022482894,725,0.7086999022482894,298,0.2913000977517107,19,0,0.0,14,0.7368421052631579,14,0.7368421052631579,5,0.2631578947368421
-87.676,41.8775,2089,0,0.0,1051,0.5031115366203925,1051,0.5031115366203925,1038,0.49688846337960746,80,0,0.0,50,0.625,50,0.625,30,0.375
-87.676,41.878,426,0,0.0,162,0.38028169014084506,162,0.38028169014084506,264,0.6197183098591549,10,0,0.0,3,0.3,3,0.3,7,0.7
-87.676,41.8785,18047,0,0.0,11208,0.6210450490386213,11208,0.6210450490386213,6839,0.3789549509613786,520,0,0.0,272,0.5230769230769231,272,0.5230769230769231,248,0.47692307692307695
-87.676,41.879,237,0,0.0,147,0.620253164556962,147,0.620253164556962,90,0.379746835443038,7,0,0.0,5,0.7142857142857143,5,0.7142857142857143,2,0.2857142857142857
-87.676,41.8795,68,0,0.0,59,0.8676470588235294,59,0.8676470588235294,9,0.1323529411764706,5,0,0.0,4,0.8,4,0.8,1,0.2
-87.676,41.88,38,0,0.0,38,1.0,38,1.0,0,0.0,1,0,0.0,1,1.0,1,1.0,0,0.0
-87.676,41.8805,47,0,0.0,47,1.0,47,1.0,0,0.0,2,0,0.0,2,1.0,2,1.0,0,0.0
-87.676,41.881,9216,0,0.0,6616,0.7178819444444444,6616,0.7178819444444444,2600,0.2821180555555556,142,0,0.0,90,0.6338028169014085,90,0.6338028169014085,52,0.36619718309859156
-87.676,41.882,4382,0,0.0,4302,0.9817434961204929,4302,0.9817434961204929,80,0.018256503879507075,26,0,0.0,23,0.8846153846153846,23,0.8846153846153846,3,0.11538461538461539
-87.676,41.883,5964,0,0.0,4775,0.8006371562709591,4775,0.8006371562709591,1189,0.19936284372904092,47,0,0.0,32,0.6808510638297872,32,0.6808510638297872,15,0.3191489361702128
-87.676,41.8845,368,0,0.0,368,1.0,368,1.0,0,0.0,6,0,0.0,6,1.0,6,1.0,0,0.0
-87.676,41.885,64,0,0.0,64,1.0,64,1.0,0,0.0,1,0,0.0,1,1.0,1,1.0,0,0.0
-87.6755,41.8775,305,0,0.0,265,0.8688524590163934,265,0.8688524590163934,40,0.13114754098360656,14,0,0.0,11,0.7857142857142857,11,0.7857142857142857,3,0.21428571428571427
-87.6755,41.8785,3366,0,0.0,2378,0.7064765300059418,2378,0.7064765300059418,988,0.2935234699940582,78,0,0.0,59,0.7564102564102564,59,0.7564102564102564,19,0.24358974358974358
-87.6755,41.881,9432,0,0.0,7567,0.8022688719253604,7567,0.8022688719253604,1865,0.19773112807463952,135,0,0.0,85,0.6296296296296297,85,0.6296296296296297,50,0.37037037037037035
-87.6755,41.882,1054,0,0.0,990,0.9392789373814042,990,0.9392789373814042,64,0.06072106261859583,27,0,0.0,23,0.8518518518518519,23,0.8518518518518519,4,0.14814814814814814
-87.6755,41.883,2699,0,0.0,1883,0.697665802148944,1883,0.697665802148944,816,0.3023341978510559,43,0,0.0,31,0.7209302325581395,31,0.7209302325581395,12,0.27906976744186046
-87.6755,41.8845,178,0,0.0,178,1.0,178,1.0,0,0.0,4,0,0.0,4,1.0,4,1.0,0,0.0
-87.6755,41.885,166,0,0.0,166,1.0,166,1.0,0,0.0,4,0,0.0,4,1.0,4,1.0,0,0.0
-87.675,41.8775,483,0,0.0,434,0.8985507246376812,434,0.8985507246376812,49,0.10144927536231885,26,0,0.0,23,0.8846153846153846,23,0.8846153846153846,3,0.11538461538461539
-87.675,41.8785,3037,0,0.0,2194,0.7224234441883438,2194,0.7224234441883438,843,0.27757655581165624,72,0,0.0,57,0.7916666666666666,57,0.7916666666666666,15,0.20833333333333334
-87.675,41.881,13742,0,0.0,9162,0.6667151797409402,9162,0.6667151797409402,4580,0.3332848202590598,169,0,0.0,100,0.591715976331361,100,0.591715976331361,69,0.40828402366863903
-87.675,41.882,996,0,0.0,939,0.9427710843373494,939,0.9427710843373494,57,0.0572289156626506,23,0,0.0,21,0.9130434782608695,21,0.9130434782608695,2,0.08695652173913043
-87.675,41.883,2550,0,0.0,1773,0.6952941176470588,1773,0.6952941176470588,777,0.30470588235294116,46,0,0.0,32,0.6956521739130435,32,0.6956521739130435,14,0.30434782608695654
-87.675,41.8845,76,0,0.0,76,1.0,76,1.0,0,0.0,3,0,0.0,3,1.0,3,1.0,0,0.0
-87.675,41.885,261,0,0.0,261,1.0,261,1.0,0,0.0,8,0,0.0,8,1.0,8,1.0,0,0.0
-87.6745,41.8775,1730,0,0.0,1549,0.8953757225433526,1549,0.8953757225433526,181,0.1046242774566474,43,0,0.0,30,0.6976744186046512,30,0.6976744186046512,13,0.3023255813953488
-87.6745,41.8785,3008,0,0.0,2160,0.7180851063829787,2160,0.7180851063829787,848,0.28191489361702127,76,0,0.0,60,0.7894736842105263,60,0.7894736842105263,16,0.21052631578947367
-87.6745,41.881,4767,0,0.0,3197,0.6706524019299349,3197,0.6706524019299349,1570,0.32934759807006503,74,0,0.0,53,0.7162162162162162,53,0.7162162162162162,21,0.28378378378378377
-87.6745,41.882,1004,0,0.0,949,0.9452191235059761,949,0.9452191235059761,55,0.054780876494023904,21,0,0.0,19,0.9047619047619048,19,0.9047619047619048,2,0.09523809523809523
-87.6745,41.883,2603,0,0.0,1796,0.6899731079523627,1796,0.6899731079523627,807,0.31002689204763734,45,0,0.0,32,0.7111111111111111,32,0.7111111111111111,13,0.28888888888888886
-87.6745,41.8845,11,0,0.0,11,1.0,11,1.0,0,0.0,1,0,0.0,1,1.0,1,1.0,0,0.0
-87.6745,41.885,335,0,0.0,335,1.0,335,1.0,0,0.0,8,0,0.0,8,1.0,8,1.0,0,0.0
-87.674,41.8775,986,0,0.0,865,0.8772819472616633,865,0.8772819472616633,121,0.12271805273833672,38,0,0.0,30,0.7894736842105263,30,0.7894736842105263,8,0.21052631578947367
-87.674,41.8785,3135,0,0.0,2299,0.7333333333333333,2299,0.7333333333333333,836,0.26666666666666666,68,0,0.0,55,0.8088235294117647,55,0.8088235294117647,13,0.19117647058823528
-87.674,41.881,16897,0,0.0,9261,0.5480854589572114,9261,0.5480854589572114,7636,0.45191454104278866,339,0,0.0,184,0.5427728613569321,184,0.5427728613569321,155,0.45722713864306785
-87.674,41.8815,3,0,0.0,3,1.0,3,1.0,0,0.0,1,0,0.0,1,1.0,1,1.0,0,0.0
-87.674,41.882,1072,0,0.0,1017,0.9486940298507462,1017,0.9486940298507462,55,0.051305970149253734,21,0,0.0,19,0.9047619047619048,19,0.9047619047619048,2,0.09523809523809523
-87.674,41.883,2861,0,0.0,2011,0.7029010835372247,2011,0.7029010835372247,850,0.29709891646277525,48,0,0.0,33,0.6875,33,0.6875,15,0.3125
-87.674,41.885,606,0,0.0,606,1.0,606,1.0,0,0.0,9,0,0.0,9,1.0,9,1.0,0,0.0
-87.674,41.8855,177,0,0.0,177,1.0,177,1.0,0,0.0,1,0,0.0,1,1.0,1,1.0,0,0.0
-87.674,41.886,50,0,0.0,50,1.0,50,1.0,0,0.0,1,0,0.0,1,1.0,1,1.0,0,0.0
-87.6735,41.8775,887,0,0.0,752,0.8478015783540023,752,0.8478015783540023,135,0.15219842164599776,37,0,0.0,28,0.7567567567567568,28,0.7567567567567568,9,0.24324324324324326
-87.6735,41.8785,3400,0,0.0,2547,0.7491176470588236,2547,0.7491176470588236,853,0.25088235294117645,66,0,0.0,55,0.8333333333333334,55,0.8333333333333334,11,0.16666666666666666
-87.6735,41.881,4667,0,0.0,3091,0.6623098350117849,3091,0.6623098350117849,1576,0.33769016498821514,83,0,0.0,56,0.6746987951807228,56,0.6746987951807228,27,0.3253012048192771
-87.6735,41.8815,2,0,0.0,2,1.0,2,1.0,0,0.0,1,0,0.0,1,1.0,1,1.0,0,0.0
-87.6735,41.882,1027,0,0.0,973,0.9474196689386563,973,0.9474196689386563,54,0.05258033106134372,21,0,0.0,19,0.9047619047619048,19,0.9047619047619048,2,0.09523809523809523
-87.6735,41.883,2712,0,0.0,1823,0.6721976401179941,1823,0.6721976401179941,889,0.3278023598820059,71,0,0.0,45,0.6338028169014085,45,0.6338028169014085,26,0.36619718309859156
-87.6735,41.885,327,0,0.0,327,1.0,327,1.0,0,0.0,8,0,0.0,8,1.0,8,1.0,0,0.0
-87.6735,41.8855,35,0,0.0,35,1.0,35,1.0,0,0.0,1,0,0.0,1,1.0,1,1.0,0,0.0
-87.673,41.8775,930,0,0.0,797,0.8569892473118279,797,0.8569892473118279,133,0.14301075268817204,33,0,0.0,27,0.8181818181818182,27,0.8181818181818182,6,0.18181818181818182
-87.673,41.8785,3296,0,0.0,2383,0.722997572815534,2383,0.722997572815534,913,0.277002427184466,66,0,0.0,55,0.8333333333333334,55,0.8333333333333334,11,0.16666666666666666
-87.673,41.881,4738,0,0.0,3083,0.6506964964119882,3083,0.6506964964119882,1655,0.3493035035880118,109,0,0.0,70,0.6422018348623854,70,0.6422018348623854,39,0.3577981651376147
-87.673,41.882,1025,0,0.0,969,0.9453658536585365,969,0.9453658536585365,56,0.054634146341463415,21,0,0.0,19,0.9047619047619048,19,0.9047619047619048,2,0.09523809523809523
-87.673,41.883,2691,0,0.0,1717,0.6380527684875511,1717,0.6380527684875511,974,0.3619472315124489,129,0,0.0,79,0.6124031007751938,79,0.6124031007751938,50,0.3875968992248062
-87.673,41.885,338,0,0.0,338,1.0,338,1.0,0,0.0,8,0,0.0,8,1.0,8,1.0,0,0.0
-87.673,41.8855,34,0,0.0,34,1.0,34,1.0,0,0.0,1,0,0.0,1,1.0,1,1.0,0,0.0
-87.6725,41.8775,1032,0,0.0,890,0.8624031007751938,890,0.8624031007751938,142,0.1375968992248062,37,0,0.0,30,0.8108108108108109,30,0.8108108108108109,7,0.1891891891891892
-87.6725,41.8785,3742,0,0.0,2721,0.7271512560128274,2721,0.7271512560128274,1021,0.2728487439871726,65,0,0.0,53,0.8153846153846154,53,0.8153846153846154,12,0.18461538461538463
-87.6725,41.881,7195,0,0.0,5397,0.7501042390548992,5397,0.7501042390548992,1798,0.24989576094510077,176,0,0.0,121,0.6875,121,0.6875,55,0.3125
-87.6725,41.8815,51,0,0.0,51,1.0,51,1.0,0,0.0,3,0,0.0,3,1.0,3,1.0,0,0.0
-87.6725,41.882,1078,0,0.0,1021,0.9471243042671614,1021,0.9471243042671614,57,0.05287569573283859,27,0,0.0,25,0.9259259259259259,25,0.9259259259259259,2,0.07407407407407407
-87.6725,41.883,2752,0,0.0,1754,0.6373546511627907,1754,0.6373546511627907,998,0.3626453488372093,141,0,0.0,87,0.6170212765957447,87,0.6170212765957447,54,0.3829787234042553
-87.6725,41.885,454,0,0.0,454,1.0,454,1.0,0,0.0,8,0,0.0,8,1.0,8,1.0,0,0.0
-87.6725,41.8855,19,0,0.0,19,1.0,19,1.0,0,0.0,1,0,0.0,1,1.0,1,1.0,0,0.0
-87.6725,41.886,15,0,0.0,15,1.0,15,1.0,0,0.0,1,0,0.0,1,1.0,1,1.0,0,0.0
-87.672,41.8775,1223,0,0.0,1025,0.8381030253475061,1025,0.8381030253475061,198,0.16189697465249386,39,0,0.0,30,0.7692307692307693,30,0.7692307692307693,9,0.23076923076923078
-87.672,41.8785,4069,0,0.0,2667,0.6554435979356107,2667,0.6554435979356107,1402,0.3445564020643893,188,0,0.0,116,0.6170212765957447,116,0.6170212765957447,72,0.3829787234042553
-87.672,41.879,146,0,0.0,146,1.0,146,1.0,0,0.0,2,0,0.0,2,1.0,2,1.0,0,0.0
-87.672,41.8795,56,0,0.0,56,1.0,56,1.0,0,0.0,1,0,0.0,1,1.0,1,1.0,0,0.0
-87.672,41.881,6517,0,0.0,4066,0.6239067055393586,4066,0.6239067055393586,2451,0.3760932944606414,303,0,0.0,208,0.6864686468646864,208,0.6864686468646864,95,0.31353135313531355
-87.672,41.8815,90,0,0.0,90,1.0,90,1.0,0,0.0,1,0,0.0,1,1.0,1,1.0,0,0.0
-87.672,41.882,1740,0,0.0,1659,0.9534482758620689,1659,0.9534482758620689,81,0.04655172413793104,32,0,0.0,30,0.9375,30,0.9375,2,0.0625
-87.672,41.883,3210,0,0.0,2063,0.6426791277258567,2063,0.6426791277258567,1147,0.3573208722741433,159,0,0.0,95,0.5974842767295597,95,0.5974842767295597,64,0.4025157232704403
-87.672,41.885,1048,0,0.0,1032,0.9847328244274809,1032,0.9847328244274809,16,0.015267175572519083,16,0,0.0,13,0.8125,13,0.8125,3,0.1875
-87.672,41.886,108,0,0.0,108,1.0,108,1.0,0,0.0,1,0,0.0,1,1.0,1,1.0,0,0.0
-87.6715,41.8775,6677,0,0.0,4972,0.7446457990115322,4972,0.7446457990115322,1705,0.2553542009884679,73,0,0.0,54,0.7397260273972602,54,0.7397260273972602,19,0.2602739726027397
-87.6715,41.878,2097,0,0.0,1502,0.7162613257033857,1502,0.7162613257033857,595,0.2837386742966142,60,0,0.0,39,0.65,39,0.65,21,0.35
-87.6715,41.8785,21932,0,0.0,11809,0.5384369870508845,11809,0.5384369870508845,10123,0.46156301294911545,634,0,0.0,350,0.5520504731861199,350,0.5520504731861199,284,0.4479495268138801
-87.6715,41.879,6512,0,0.0,4273,0.6561732186732187,4273,0.6561732186732187,2239,0.34382678132678135,106,0,0.0,66,0.6226415094339622,66,0.6226415094339622,40,0.37735849056603776
-87.6715,41.8795,8339,0,0.0,5984,0.7175920374145581,5984,0.7175920374145581,2355,0.2824079625854419,86,0,0.0,63,0.7325581395348837,63,0.7325581395348837,23,0.26744186046511625
-87.6715,41.88,11675,0,0.0,8017,0.6866809421841542,8017,0.6866809421841542,3658,0.31331905781584585,301,0,0.0,174,0.5780730897009967,174,0.5780730897009967,127,0.4219269102990033
-87.6715,41.8805,4792,0,0.0,2850,0.5947412353923205,2850,0.5947412353923205,1942,0.40525876460767946,201,0,0.0,111,0.5522388059701493,111,0.5522388059701493,90,0.44776119402985076
-87.6715,41.881,16821,0,0.0,10643,0.6327210035075204,10643,0.6327210035075204,6178,0.36727899649247964,491,0,0.0,277,0.5641547861507128,277,0.5641547861507128,214,0.43584521384928715
-87.6715,41.8815,7548,0,0.0,5489,0.7272125066242713,5489,0.7272125066242713,2059,0.27278749337572866,194,0,0.0,110,0.5670103092783505,110,0.5670103092783505,84,0.4329896907216495
-87.6715,41.882,16794,0,0.0,9743,0.5801476717875431,9743,0.5801476717875431,7051,0.4198523282124568,665,0,0.0,373,0.5609022556390978,373,0.5609022556390978,292,0.43909774436090226
-87.6715,41.8825,3889,0,0.0,2274,0.5847261506814091,2274,0.5847261506814091,1615,0.4152738493185909,169,0,0.0,91,0.5384615384615384,91,0.5384615384615384,78,0.46153846153846156
-87.6715,41.883,13049,0,0.0,11193,0.857766878688022,11193,0.857766878688022,1856,0.14223312131197793,276,0,0.0,182,0.6594202898550725,182,0.6594202898550725,94,0.34057971014492755
-87.6715,41.8835,2110,0,0.0,1998,0.9469194312796209,1998,0.9469194312796209,112,0.05308056872037915,47,0,0.0,35,0.7446808510638298,35,0.7446808510638298,12,0.2553191489361702
-87.6715,41.884,1551,0,0.0,1472,0.9490651192778853,1472,0.9490651192778853,79,0.050934880722114766,46,0,0.0,36,0.782608695652174,36,0.782608695652174,10,0.21739130434782608
-87.6715,41.8845,1974,0,0.0,1686,0.8541033434650456,1686,0.8541033434650456,288,0.1458966565349544,81,0,0.0,51,0.6296296296296297,51,0.6296296296296297,30,0.37037037037037035
-87.6715,41.885,2930,0,0.0,2780,0.9488054607508533,2780,0.9488054607508533,150,0.051194539249146756,74,0,0.0,58,0.7837837837837838,58,0.7837837837837838,16,0.21621621621621623
-87.6715,41.8855,932,0,0.0,863,0.9259656652360515,863,0.9259656652360515,69,0.0740343347639485,10,0,0.0,9,0.9,9,0.9,1,0.1
-87.6715,41.886,1112,0,0.0,831,0.7473021582733813,831,0.7473021582733813,281,0.2526978417266187,24,0,0.0,15,0.625,15,0.625,9,0.375
-87.671,41.8775,4598,0,0.0,2789,0.6065680730752501,2789,0.6065680730752501,1809,0.3934319269247499,63,0,0.0,50,0.7936507936507936,50,0.7936507936507936,13,0.20634920634920634
-87.671,41.8785,3203,0,0.0,2675,0.8351545426162972,2675,0.8351545426162972,528,0.16484545738370276,48,0,0.0,40,0.8333333333333334,40,0.8333333333333334,8,0.16666666666666666
-87.671,41.881,25586,0,0.0,25201,0.9849527085124677,25201,0.9849527085124677,385,0.015047291487532245,74,0,0.0,44,0.5945945945945946,44,0.5945945945945946,30,0.40540540540540543
-87.671,41.8815,30,0,0.0,30,1.0,30,1.0,0,0.0,2,0,0.0,2,1.0,2,1.0,0,0.0
-87.671,41.882,898,0,0.0,894,0.9955456570155902,894,0.9955456570155902,4,0.004454342984409799,21,0,0.0,20,0.9523809523809523,20,0.9523809523809523,1,0.047619047619047616
-87.671,41.883,1936,0,0.0,1577,0.8145661157024794,1577,0.8145661157024794,359,0.18543388429752067,102,0,0.0,74,0.7254901960784313,74,0.7254901960784313,28,0.27450980392156865
-87.671,41.884,88,0,0.0,88,1.0,88,1.0,0,0.0,2,0,0.0,2,1.0,2,1.0,0,0.0
-87.671,41.8845,7,0,0.0,7,1.0,7,1.0,0,0.0,1,0,0.0,1,1.0,1,1.0,0,0.0
-87.671,41.885,913,0,0.0,882,0.9660460021905805,882,0.9660460021905805,31,0.033953997809419496,32,0,0.0,27,0.84375,27,0.84375,5,0.15625
-87.671,41.886,128,0,0.0,128,1.0,128,1.0,0,0.0,4,0,0.0,4,1.0,4,1.0,0,0.0
-87.6705,41.8775,12968,0,0.0,8179,0.6307063541024059,8179,0.6307063541024059,4789,0.36929364589759406,79,0,0.0,57,0.7215189873417721,57,0.7215189873417721,22,0.27848101265822783
-87.6705,41.8785,1690,0,0.0,1390,0.8224852071005917,1390,0.8224852071005917,300,0.17751479289940827,40,0,0.0,33,0.825,33,0.825,7,0.175
-87.6705,41.881,1069,0,0.0,751,0.7025257249766137,751,0.7025257249766137,318,0.29747427502338636,46,0,0.0,29,0.6304347826086957,29,0.6304347826086957,17,0.3695652173913043
-87.6705,41.8815,34,0,0.0,34,1.0,34,1.0,0,0.0,1,0,0.0,1,1.0,1,1.0,0,0.0
-87.6705,41.882,890,0,0.0,886,0.9955056179775281,886,0.9955056179775281,4,0.0044943820224719105,33,0,0.0,32,0.9696969696969697,32,0.9696969696969697,1,0.030303030303030304
-87.6705,41.883,2107,0,0.0,1879,0.8917892738490745,1879,0.8917892738490745,228,0.10821072615092549,64,0,0.0,49,0.765625,49,0.765625,15,0.234375
-87.6705,41.8835,112,0,0.0,112,1.0,112,1.0,0,0.0,3,0,0.0,3,1.0,3,1.0,0,0.0
-87.6705,41.884,173,0,0.0,165,0.953757225433526,165,0.953757225433526,8,0.046242774566473986,9,0,0.0,7,0.7777777777777778,7,0.7777777777777778,2,0.2222222222222222
-87.6705,41.885,1067,0,0.0,1062,0.9953139643861293,1062,0.9953139643861293,5,0.004686035613870665,22,0,0.0,21,0.9545454545454546,21,0.9545454545454546,1,0.045454545454545456
-87.6705,41.886,118,0,0.0,118,1.0,118,1.0,0,0.0,4,0,0.0,4,1.0,4,1.0,0,0.0
-87.67,41.8775,2014,0,0.0,1345,0.6678252234359484,1345,0.6678252234359484,669,0.33217477656405164,98,0,0.0,62,0.6326530612244898,62,0.6326530612244898,36,0.3673469387755102
-87.67,41.878,60,0,0.0,34,0.5666666666666667,34,0.5666666666666667,26,0.43333333333333335,4,0,0.0,2,0.5,2,0.5,2,0.5
-87.67,41.8785,1727,0,0.0,1421,0.8228141285466126,1421,0.8228141285466126,306,0.17718587145338738,40,0,0.0,33,0.825,33,0.825,7,0.175
-87.67,41.881,1247,0,0.0,859,0.6888532477947072,859,0.6888532477947072,388,0.3111467522052927,50,0,0.0,32,0.64,32,0.64,18,0.36
-87.67,41.8815,57,0,0.0,53,0.9298245614035088,53,0.9298245614035088,4,0.07017543859649122,3,0,0.0,2,0.6666666666666666,2,0.6666666666666666,1,0.3333333333333333
-87.67,41.882,902,0,0.0,892,0.9889135254988913,892,0.9889135254988913,10,0.011086474501108648,26,0,0.0,24,0.9230769230769231,24,0.9230769230769231,2,0.07692307692307693
-87.67,41.883,3085,0,0.0,2824,0.9153970826580227,2824,0.9153970826580227,261,0.08460291734197731,40,0,0.0,34,0.85,34,0.85,6,0.15
-87.67,41.885,988,0,0.0,936,0.9473684210526315,936,0.9473684210526315,52,0.05263157894736842,43,0,0.0,33,0.7674418604651163,33,0.7674418604651163,10,0.23255813953488372
-87.67,41.886,145,0,0.0,145,1.0,145,1.0,0,0.0,4,0,0.0,4,1.0,4,1.0,0,0.0
-87.6695,41.8775,3018,0,0.0,1818,0.6023856858846919,1818,0.6023856858846919,1200,0.3976143141153082,66,0,0.0,44,0.6666666666666666,44,0.6666666666666666,22,0.3333333333333333
-87.6695,41.878,175,0,0.0,80,0.45714285714285713,80,0.45714285714285713,95,0.5428571428571428,4,0,0.0,2,0.5,2,0.5,2,0.5
-87.6695,41.8785,1906,0,0.0,1553,0.8147953830010494,1553,0.8147953830010494,353,0.1852046169989507,44,0,0.0,35,0.7954545454545454,35,0.7954545454545454,9,0.20454545454545456
-87.6695,41.881,1898,0,0.0,1197,0.6306638566912539,1197,0.6306638566912539,701,0.36933614330874603,62,0,0.0,36,0.5806451612903226,36,0.5806451612903226,26,0.41935483870967744
-87.6695,41.8815,165,0,0.0,165,1.0,165,1.0,0,0.0,1,0,0.0,1,1.0,1,1.0,0,0.0
-87.6695,41.882,1028,0,0.0,1025,0.9970817120622568,1025,0.9970817120622568,3,0.0029182879377431907,18,0,0.0,17,0.9444444444444444,17,0.9444444444444444,1,0.05555555555555555
-87.6695,41.883,3098,0,0.0,2929,0.9454486765655261,2929,0.9454486765655261,169,0.05455132343447385,41,0,0.0,34,0.8292682926829268,34,0.8292682926829268,7,0.17073170731707318
-87.6695,41.8835,4,0,0.0,4,1.0,4,1.0,0,0.0,1,0,0.0,1,1.0,1,1.0,0,0.0
-87.6695,41.884,69,0,0.0,69,1.0,69,1.0,0,0.0,2,0,0.0,2,1.0,2,1.0,0,0.0
-87.6695,41.8845,77,0,0.0,77,1.0,77,1.0,0,0.0,3,0,0.0,3,1.0,3,1.0,0,0.0
-87.6695,41.885,1963,0,0.0,1816,0.9251146204788588,1816,0.9251146204788588,147,0.0748853795211411,68,0,0.0,46,0.6764705882352942,46,0.6764705882352942,22,0.3235294117647059
-87.6695,41.886,350,0,0.0,350,1.0,350,1.0,0,0.0,5,0,0.0,5,1.0,5,1.0,0,0.0
-87.669,41.8775,9720,0,0.0,8016,0.8246913580246914,8016,0.8246913580246914,1704,0.17530864197530865,57,0,0.0,40,0.7017543859649122,40,0.7017543859649122,17,0.2982456140350877
-87.669,41.878,1669,0,0.0,1431,0.8573996405032954,1431,0.8573996405032954,238,0.1426003594967046,20,0,0.0,16,0.8,16,0.8,4,0.2
-87.669,41.8785,11285,0,0.0,8318,0.7370846256092157,8318,0.7370846256092157,2967,0.2629153743907842,73,0,0.0,57,0.7808219178082192,57,0.7808219178082192,16,0.2191780821917808
-87.669,41.879,3759,0,0.0,3279,0.8723064644852354,3279,0.8723064644852354,480,0.12769353551476456,25,0,0.0,21,0.84,21,0.84,4,0.16
-87.669,41.8795,2921,0,0.0,1348,0.46148579253680244,1348,0.46148579253680244,1573,0.5385142074631976,25,0,0.0,21,0.84,21,0.84,4,0.16
-87.669,41.88,3820,0,0.0,3007,0.78717277486911,3007,0.78717277486911,813,0.21282722513089006,25,0,0.0,21,0.84,21,0.84,4,0.16
-87.669,41.8805,1566,0,0.0,1181,0.7541507024265645,1181,0.7541507024265645,385,0.24584929757343552,25,0,0.0,21,0.84,21,0.84,4,0.16
-87.669,41.881,4872,0,0.0,3068,0.6297208538587848,3068,0.6297208538587848,1804,0.3702791461412151,53,0,0.0,39,0.7358490566037735,39,0.7358490566037735,14,0.2641509433962264
-87.669,41.8815,2979,0,0.0,2860,0.9600537092984223,2860,0.9600537092984223,119,0.03994629070157771,19,0,0.0,16,0.8421052631578947,16,0.8421052631578947,3,0.15789473684210525
-87.669,41.882,3481,0,0.0,2915,0.8374030451019822,2915,0.8374030451019822,566,0.16259695489801781,41,0,0.0,35,0.8536585365853658,35,0.8536585365853658,6,0.14634146341463414
-87.669,41.8825,824,0,0.0,698,0.8470873786407767,698,0.8470873786407767,126,0.1529126213592233,20,0,0.0,15,0.75,15,0.75,5,0.25
-87.669,41.883,4390,0,0.0,3641,0.8293849658314351,3641,0.8293849658314351,749,0.1706150341685649,88,0,0.0,60,0.6818181818181818,60,0.6818181818181818,28,0.3181818181818182
-87.669,41.8835,1387,0,0.0,1283,0.9250180245133381,1283,0.9250180245133381,104,0.07498197548666186,39,0,0.0,29,0.7435897435897436,29,0.7435897435897436,10,0.2564102564102564
-87.669,41.884,1187,0,0.0,1077,0.9073294018534119,1077,0.9073294018534119,110,0.09267059814658804,64,0,0.0,45,0.703125,45,0.703125,19,0.296875
-87.669,41.8845,1195,0,0.0,1097,0.9179916317991632,1097,0.9179916317991632,98,0.08200836820083682,63,0,0.0,47,0.746031746031746,47,0.746031746031746,16,0.25396825396825395
-87.669,41.885,2440,0,0.0,2326,0.9532786885245902,2326,0.9532786885245902,114,0.04672131147540984,63,0,0.0,51,0.8095238095238095,51,0.8095238095238095,12,0.19047619047619047
-87.669,41.8855,902,0,0.0,817,0.9057649667405765,817,0.9057649667405765,85,0.0942350332594235,29,0,0.0,20,0.6896551724137931,20,0.6896551724137931,9,0.3103448275862069
-87.669,41.886,970,0,0.0,860,0.8865979381443299,860,0.8865979381443299,110,0.1134020618556701,26,0,0.0,18,0.6923076923076923,18,0.6923076923076923,8,0.3076923076923077
-87.6685,41.8775,1638,0,0.0,1218,0.7435897435897436,1218,0.7435897435897436,420,0.2564102564102564,35,0,0.0,26,0.7428571428571429,26,0.7428571428571429,9,0.2571428571428571
-87.6685,41.8785,24127,0,0.0,19252,0.7979442118788079,19252,0.7979442118788079,4875,0.20205578812119201,42,0,0.0,33,0.7857142857142857,33,0.7857142857142857,9,0.21428571428571427
-87.6685,41.879,43,0,0.0,0,0.0,0,0.0,43,1.0,1,0,0.0,0,0.0,0,0.0,1,1.0
-87.6685,41.881,3023,0,0.0,2465,0.8154151505127357,2465,0.8154151505127357,558,0.1845848494872643,23,0,0.0,16,0.6956521739130435,16,0.6956521739130435,7,0.30434782608695654
-87.6685,41.8815,93,0,0.0,59,0.6344086021505376,59,0.6344086021505376,34,0.3655913978494624,3,0,0.0,2,0.6666666666666666,2,0.6666666666666666,1,0.3333333333333333
-87.6685,41.882,793,0,0.0,737,0.9293820933165196,737,0.9293820933165196,56,0.07061790668348046,48,0,0.0,34,0.7083333333333334,34,0.7083333333333334,14,0.2916666666666667
-87.6685,41.883,1034,0,0.0,840,0.8123791102514507,840,0.8123791102514507,194,0.18762088974854932,43,0,0.0,29,0.6744186046511628,29,0.6744186046511628,14,0.32558139534883723
-87.6685,41.885,439,0,0.0,431,0.9817767653758542,431,0.9817767653758542,8,0.018223234624145785,25,0,0.0,23,0.92,23,0.92,2,0.08
-87.668,41.8775,1529,0,0.0,1071,0.7004578155657293,1071,0.7004578155657293,458,0.2995421844342708,68,0,0.0,38,0.5588235294117647,38,0.5588235294117647,30,0.4411764705882353
-87.668,41.8785,4941,0,0.0,1799,0.3640963367739324,1799,0.3640963367739324,3142,0.6359036632260676,40,0,0.0,32,0.8,32,0.8,8,0.2
-87.668,41.879,20,0,0.0,0,0.0,0,0.0,20,1.0,1,0,0.0,0,0.0,0,0.0,1,1.0
-87.668,41.8795,68,0,0.0,0,0.0,0,0.0,68,1.0,1,0,0.0,0,0.0,0,0.0,1,1.0
-87.668,41.881,1331,0,0.0,816,0.6130728775356874,816,0.6130728775356874,515,0.38692712246431255,33,0,0.0,21,0.6363636363636364,21,0.6363636363636364,12,0.36363636363636365
-87.668,41.8815,78,0,0.0,44,0.5641025641025641,44,0.5641025641025641,34,0.4358974358974359,2,0,0.0,1,0.5,1,0.5,1,0.5
-87.668,41.882,817,0,0.0,787,0.9632802937576499,787,0.9632802937576499,30,0.03671970624235006,29,0,0.0,22,0.7586206896551724,22,0.7586206896551724,7,0.2413793103448276
-87.668,41.883,909,0,0.0,777,0.8547854785478548,777,0.8547854785478548,132,0.14521452145214522,39,0,0.0,27,0.6923076923076923,27,0.6923076923076923,12,0.3076923076923077
-87.668,41.885,757,0,0.0,651,0.8599735799207398,651,0.8599735799207398,106,0.14002642007926025,38,0,0.0,26,0.6842105263157895,26,0.6842105263157895,12,0.3157894736842105
-87.6675,41.8775,1566,0,0.0,1091,0.6966794380587484,1091,0.6966794380587484,475,0.3033205619412516,53,0,0.0,34,0.6415094339622641,34,0.6415094339622641,19,0.3584905660377358
-87.6675,41.8785,2407,0,0.0,1719,0.7141670128791027,1719,0.7141670128791027,688,0.2858329871208974,38,0,0.0,31,0.8157894736842105,31,0.8157894736842105,7,0.18421052631578946
-87.6675,41.8795,34,0,0.0,0,0.0,0,0.0,34,1.0,1,0,0.0,0,0.0,0,0.0,1,1.0
-87.6675,41.88,42,0,0.0,0,0.0,0,0.0,42,1.0,1,0,0.0,0,0.0,0,0.0,1,1.0
-87.6675,41.881,1611,0,0.0,1008,0.6256983240223464,1008,0.6256983240223464,603,0.3743016759776536,42,0,0.0,25,0.5952380952380952,25,0.5952380952380952,17,0.40476190476190477
-87.6675,41.8815,66,0,0.0,30,0.45454545454545453,30,0.45454545454545453,36,0.5454545454545454,3,0,0.0,2,0.6666666666666666,2,0.6666666666666666,1,0.3333333333333333
-87.6675,41.882,1006,0,0.0,976,0.9701789264413518,976,0.9701789264413518,30,0.02982107355864811,32,0,0.0,24,0.75,24,0.75,8,0.25
-87.6675,41.883,971,0,0.0,752,0.7744593202883625,752,0.7744593202883625,219,0.2255406797116375,71,0,0.0,46,0.647887323943662,46,0.647887323943662,25,0.352112676056338
-87.6675,41.885,1301,0,0.0,1214,0.9331283627978478,1214,0.9331283627978478,87,0.0668716372021522,21,0,0.0,18,0.8571428571428571,18,0.8571428571428571,3,0.14285714285714285
-87.667,41.8775,7593,0,0.0,4322,0.5692084814961148,4322,0.5692084814961148,3271,0.43079151850388514,58,0,0.0,42,0.7241379310344828,42,0.7241379310344828,16,0.27586206896551724
-87.667,41.8785,2884,0,0.0,1999,0.6931345353675451,1999,0.6931345353675451,885,0.3068654646324549,91,0,0.0,57,0.6263736263736264,57,0.6263736263736264,34,0.37362637362637363
-87.667,41.88,206,0,0.0,0,0.0,0,0.0,206,1.0,1,0,0.0,0,0.0,0,0.0,1,1.0
-87.667,41.8805,18,0,0.0,0,0.0,0,0.0,18,1.0,1,0,0.0,0,0.0,0,0.0,1,1.0
-87.667,41.881,4301,0,0.0,2036,0.4733782841199721,2036,0.4733782841199721,2265,0.5266217158800279,60,0,0.0,34,0.5666666666666667,34,0.5666666666666667,26,0.43333333333333335
-87.667,41.8815,182,0,0.0,141,0.7747252747252747,141,0.7747252747252747,41,0.22527472527472528,10,0,0.0,9,0.9,9,0.9,1,0.1
-87.667,41.882,3224,0,0.0,3123,0.9686724565756824,3123,0.9686724565756824,101,0.031327543424317615,69,0,0.0,44,0.6376811594202898,44,0.6376811594202898,25,0.36231884057971014
-87.667,41.883,1554,0,0.0,1284,0.8262548262548263,1284,0.8262548262548263,270,0.17374517374517376,66,0,0.0,43,0.6515151515151515,43,0.6515151515151515,23,0.3484848484848485
-87.667,41.8835,589,0,0.0,416,0.7062818336162988,416,0.7062818336162988,173,0.2937181663837012,39,0,0.0,27,0.6923076923076923,27,0.6923076923076923,12,0.3076923076923077
-87.667,41.884,482,0,0.0,357,0.7406639004149378,357,0.7406639004149378,125,0.25933609958506226,38,0,0.0,25,0.6578947368421053,25,0.6578947368421053,13,0.34210526315789475
-87.667,41.8845,440,0,0.0,355,0.8068181818181818,355,0.8068181818181818,85,0.19318181818181818,34,0,0.0,24,0.7058823529411765,24,0.7058823529411765,10,0.29411764705882354
-87.667,41.885,3918,0,0.0,3674,0.9377233282286881,3674,0.9377233282286881,244,0.062276671771311895,40,0,0.0,29,0.725,29,0.725,11,0.275
-87.667,41.8855,768,0,0.0,501,0.65234375,501,0.65234375,267,0.34765625,6,0,0.0,4,0.6666666666666666,4,0.6666666666666666,2,0.3333333333333333
-87.667,41.886,162,0,0.0,108,0.6666666666666666,108,0.6666666666666666,54,0.3333333333333333,5,0,0.0,4,0.8,4,0.8,1,0.2
-87.6665,41.8775,17476,0,0.0,12850,0.7352941176470589,12850,0.7352941176470589,4626,0.2647058823529412,46,0,0.0,32,0.6956521739130435,32,0.6956521739130435,14,0.30434782608695654
-87.6665,41.878,2507,0,0.0,1744,0.6956521739130435,1744,0.6956521739130435,763,0.30434782608695654,37,0,0.0,26,0.7027027027027027,26,0.7027027027027027,11,0.2972972972972973
-87.6665,41.8785,19421,0,0.0,12888,0.6636115545028577,12888,0.6636115545028577,6533,0.33638844549714225,82,0,0.0,53,0.6463414634146342,53,0.6463414634146342,29,0.35365853658536583
-87.6665,41.879,4078,0,0.0,3310,0.8116723884256989,3310,0.8116723884256989,768,0.18832761157430114,63,0,0.0,39,0.6190476190476191,39,0.6190476190476191,24,0.38095238095238093
-87.6665,41.8795,2791,0,0.0,1923,0.6890003582945181,1923,0.6890003582945181,868,0.3109996417054819,97,0,0.0,56,0.5773195876288659,56,0.5773195876288659,41,0.422680412371134
-87.6665,41.88,2887,0,0.0,2033,0.7041912019397298,2033,0.7041912019397298,854,0.29580879806027016,97,0,0.0,49,0.5051546391752577,49,0.5051546391752577,48,0.4948453608247423
-87.6665,41.8805,6152,0,0.0,4291,0.6974967490247074,4291,0.6974967490247074,1861,0.30250325097529257,88,0,0.0,49,0.5568181818181818,49,0.5568181818181818,39,0.4431818181818182
-87.6665,41.881,7688,0,0.0,4633,0.602627471383975,4633,0.602627471383975,3055,0.39737252861602496,160,0,0.0,86,0.5375,86,0.5375,74,0.4625
-87.6665,41.8815,8934,0,0.0,8524,0.9541079023953436,8524,0.9541079023953436,410,0.045892097604656366,88,0,0.0,58,0.6590909090909091,58,0.6590909090909091,30,0.3409090909090909
-87.6665,41.882,7165,0,0.0,6866,0.9582693649685974,6866,0.9582693649685974,299,0.04173063503140265,100,0,0.0,67,0.67,67,0.67,33,0.33
-87.6665,41.8825,1884,0,0.0,1452,0.7707006369426752,1452,0.7707006369426752,432,0.22929936305732485,40,0,0.0,26,0.65,26,0.65,14,0.35
-87.6665,41.883,12469,0,0.0,11727,0.9404924212045874,11727,0.9404924212045874,742,0.05950757879541262,144,0,0.0,81,0.5625,81,0.5625,63,0.4375
-87.6665,41.8835,772,0,0.0,661,0.8562176165803109,661,0.8562176165803109,111,0.14378238341968913,18,0,0.0,13,0.7222222222222222,13,0.7222222222222222,5,0.2777777777777778
-87.6665,41.884,754,0,0.0,616,0.8169761273209549,616,0.8169761273209549,138,0.1830238726790451,32,0,0.0,20,0.625,20,0.625,12,0.375
-87.6665,41.8845,697,0,0.0,542,0.7776183644189383,542,0.7776183644189383,155,0.2223816355810617,34,0,0.0,20,0.5882352941176471,20,0.5882352941176471,14,0.4117647058823529
-87.6665,41.885,571,0,0.0,504,0.882661996497373,504,0.882661996497373,67,0.11733800350262696,18,0,0.0,12,0.6666666666666666,12,0.6666666666666666,6,0.3333333333333333
-87.6665,41.8855,206,0,0.0,198,0.9611650485436893,198,0.9611650485436893,8,0.038834951456310676,6,0,0.0,5,0.8333333333333334,5,0.8333333333333334,1,0.16666666666666666
-87.6665,41.886,228,0,0.0,214,0.9385964912280702,214,0.9385964912280702,14,0.06140350877192982,14,0,0.0,9,0.6428571428571429,9,0.6428571428571429,5,0.35714285714285715
