grid_lat,grid_lon,total_sample,mw_sample,mw_ratio,sub6_sample,sub6_ratio,5g_sample,5g_sample,lte_sample,lte_ratio,total_cs_sample,mw_cs_sample,mw_cs_ratio,sub6_cs_sample,sub6_cs_ratio,5g_cs_sample,5g_cs_sample,lte_cs_sample,lte_cs_ratio
-87.632,41.8745,439,57,0.12984054669703873,362,0.8246013667425968,419,0.9544419134396355,20,0.04555808656036447,7,1,0.14285714285714285,4,0.5714285714285714,5,0.7142857142857143,2,0.2857142857142857
-87.632,41.875,56,0,0.0,0,0.0,0,0.0,56,1.0,2,0,0.0,0,0.0,0,0.0,2,1.0
-87.632,41.8755,265,0,0.0,51,0.19245283018867926,51,0.19245283018867926,214,0.8075471698113208,13,0,0.0,4,0.3076923076923077,4,0.3076923076923077,9,0.6923076923076923
-87.632,41.8765,235,0,0.0,160,0.6808510638297872,160,0.6808510638297872,75,0.3191489361702128,9,0,0.0,5,0.5555555555555556,5,0.5555555555555556,4,0.4444444444444444
-87.632,41.877,3,0,0.0,3,1.0,3,1.0,0,0.0,1,0,0.0,1,1.0,1,1.0,0,0.0
-87.632,41.8775,19,0,0.0,19,1.0,19,1.0,0,0.0,1,0,0.0,1,1.0,1,1.0,0,0.0
-87.632,41.878,157,43,0.27388535031847133,114,0.7261146496815286,157,1.0,0,0.0,4,1,0.25,3,0.75,4,1.0,0,0.0
-87.632,41.8805,704,251,0.3565340909090909,91,0.12926136363636365,342,0.48579545454545453,362,0.5142045454545454,10,3,0.3,4,0.4,7,0.7,3,0.3
-87.632,41.881,251,55,0.21912350597609562,0,0.0,55,0.21912350597609562,196,0.7808764940239044,6,2,0.3333333333333333,0,0.0,2,0.3333333333333333,4,0.6666666666666666
-87.632,41.8815,446,28,0.06278026905829596,140,0.31390134529147984,168,0.3766816143497758,278,0.6233183856502242,14,1,0.07142857142857142,4,0.2857142857142857,5,0.35714285714285715,9,0.6428571428571429
-87.632,41.882,111,0,0.0,78,0.7027027027027027,78,0.7027027027027027,33,0.2972972972972973,3,0,0.0,2,0.6666666666666666,2,0.6666666666666666,1,0.3333333333333333
-87.632,41.8825,13,0,0.0,0,0.0,0,0.0,13,1.0,2,0,0.0,0,0.0,0,0.0,2,1.0
-87.632,41.883,155,0,0.0,71,0.45806451612903226,71,0.45806451612903226,84,0.5419354838709678,6,0,0.0,2,0.3333333333333333,2,0.3333333333333333,4,0.6666666666666666
-87.632,41.8835,6,0,0.0,0,0.0,0,0.0,6,1.0,1,0,0.0,0,0.0,0,0.0,1,1.0
-87.632,41.885,36,0,0.0,36,1.0,36,1.0,0,0.0,1,0,0.0,1,1.0,1,1.0,0,0.0
-87.632,41.8855,55,0,0.0,46,0.8363636363636363,46,0.8363636363636363,9,0.16363636363636364,2,0,0.0,1,0.5,1,0.5,1,0.5
-87.6315,41.8745,120,0,0.0,107,0.8916666666666667,107,0.8916666666666667,13,0.10833333333333334,8,0,0.0,5,0.625,5,0.625,3,0.375
-87.6315,41.875,88,39,0.4431818181818182,0,0.0,39,0.4431818181818182,49,0.5568181818181818,4,1,0.25,0,0.0,1,0.25,3,0.75
-87.6315,41.8755,661,29,0.04387291981845688,26,0.039334341906202726,55,0.08320726172465961,606,0.9167927382753404,18,3,0.16666666666666666,1,0.05555555555555555,4,0.2222222222222222,14,0.7777777777777778
-87.6315,41.8765,434,16,0.03686635944700461,190,0.4377880184331797,206,0.47465437788018433,228,0.5253456221198156,12,1,0.08333333333333333,5,0.4166666666666667,6,0.5,6,0.5
-87.6315,41.8775,6,0,0.0,6,1.0,6,1.0,0,0.0,1,0,0.0,1,1.0,1,1.0,0,0.0
-87.6315,41.878,133,44,0.3308270676691729,88,0.6616541353383458,132,0.9924812030075187,1,0.007518796992481203,4,1,0.25,2,0.5,3,0.75,1,0.25
-87.6315,41.8805,262,53,0.20229007633587787,92,0.3511450381679389,145,0.5534351145038168,117,0.44656488549618323,9,2,0.2222222222222222,3,0.3333333333333333,5,0.5555555555555556,4,0.4444444444444444
-87.6315,41.881,5,0,0.0,5,1.0,5,1.0,0,0.0,1,0,0.0,1,1.0,1,1.0,0,0.0
-87.6315,41.8815,1463,0,0.0,1274,0.8708133971291866,1274,0.8708133971291866,189,0.1291866028708134,14,0,0.0,8,0.5714285714285714,8,0.5714285714285714,6,0.42857142857142855
-87.6315,41.882,1015,0,0.0,981,0.9665024630541872,981,0.9665024630541872,34,0.033497536945812804,5,0,0.0,4,0.8,4,0.8,1,0.2
-87.6315,41.883,402,54,0.13432835820895522,82,0.20398009950248755,136,0.3383084577114428,266,0.6616915422885572,12,1,0.08333333333333333,4,0.3333333333333333,5,0.4166666666666667,7,0.5833333333333334
-87.6315,41.8835,3,0,0.0,0,0.0,0,0.0,3,1.0,1,0,0.0,0,0.0,0,0.0,1,1.0
-87.6315,41.884,10,0,0.0,0,0.0,0,0.0,10,1.0,1,0,0.0,0,0.0,0,0.0,1,1.0
-87.6315,41.8845,4,0,0.0,0,0.0,0,0.0,4,1.0,1,0,0.0,0,0.0,0,0.0,1,1.0
-87.6315,41.885,11,0,0.0,11,1.0,11,1.0,0,0.0,1,0,0.0,1,1.0,1,1.0,0,0.0
-87.6315,41.8855,60,0,0.0,42,0.7,42,0.7,18,0.3,3,0,0.0,2,0.6666666666666666,2,0.6666666666666666,1,0.3333333333333333
-87.631,41.8745,873,0,0.0,516,0.5910652920962199,516,0.5910652920962199,357,0.40893470790378006,8,0,0.0,4,0.5,4,0.5,4,0.5
-87.631,41.875,100,0,0.0,12,0.12,12,0.12,88,0.88,5,0,0.0,1,0.2,1,0.2,4,0.8
-87.631,41.8755,373,7,0.01876675603217158,152,0.4075067024128686,159,0.4262734584450402,214,0.5737265415549598,17,1,0.058823529411764705,6,0.35294117647058826,7,0.4117647058823529,10,0.5882352941176471
-87.631,41.8765,392,0,0.0,324,0.826530612244898,324,0.826530612244898,68,0.17346938775510204,8,0,0.0,4,0.5,4,0.5,4,0.5
-87.631,41.8775,56,0,0.0,56,1.0,56,1.0,0,0.0,1,0,0.0,1,1.0,1,1.0,0,0.0
-87.631,41.878,447,335,0.7494407158836689,59,0.1319910514541387,394,0.8814317673378076,53,0.1185682326621924,11,4,0.36363636363636365,2,0.18181818181818182,6,0.5454545454545454,5,0.45454545454545453
-87.631,41.8785,54,0,0.0,0,0.0,0,0.0,54,1.0,1,0,0.0,0,0.0,0,0.0,1,1.0
-87.631,41.879,44,0,0.0,0,0.0,0,0.0,44,1.0,1,0,0.0,0,0.0,0,0.0,1,1.0
-87.631,41.8805,1297,206,0.15882806476484193,522,0.40246723207401697,728,0.5612952968388589,569,0.4387047031611411,19,3,0.15789473684210525,8,0.42105263157894735,11,0.5789473684210527,8,0.42105263157894735
-87.631,41.881,591,0,0.0,68,0.11505922165820642,68,0.11505922165820642,523,0.8849407783417935,6,0,0.0,3,0.5,3,0.5,3,0.5
-87.631,41.8815,701,3,0.0042796005706134095,98,0.1398002853067047,101,0.14407988587731813,600,0.8559201141226819,16,1,0.0625,5,0.3125,6,0.375,10,0.625
-87.631,41.882,663,36,0.05429864253393665,26,0.0392156862745098,62,0.09351432880844646,601,0.9064856711915535,24,1,0.041666666666666664,8,0.3333333333333333,9,0.375,15,0.625
-87.631,41.8825,101,0,0.0,12,0.1188118811881188,12,0.1188118811881188,89,0.8811881188118812,8,0,0.0,3,0.375,3,0.375,5,0.625
-87.631,41.883,510,0,0.0,84,0.16470588235294117,84,0.16470588235294117,426,0.8352941176470589,11,0,0.0,4,0.36363636363636365,4,0.36363636363636365,7,0.6363636363636364
-87.631,41.8835,95,0,0.0,8,0.08421052631578947,8,0.08421052631578947,87,0.9157894736842105,10,0,0.0,2,0.2,2,0.2,8,0.8
-87.631,41.884,450,0,0.0,223,0.4955555555555556,223,0.4955555555555556,227,0.5044444444444445,18,0,0.0,5,0.2777777777777778,5,0.2777777777777778,13,0.7222222222222222
-87.631,41.8845,103,0,0.0,0,0.0,0,0.0,103,1.0,5,0,0.0,0,0.0,0,0.0,5,1.0
-87.631,41.885,295,0,0.0,111,0.376271186440678,111,0.376271186440678,184,0.6237288135593221,10,0,0.0,4,0.4,4,0.4,6,0.6
-87.631,41.8855,956,0,0.0,15,0.015690376569037656,15,0.015690376569037656,941,0.9843096234309623,20,0,0.0,4,0.2,4,0.2,16,0.8
-87.631,41.886,880,0,0.0,282,0.32045454545454544,282,0.32045454545454544,598,0.6795454545454546,16,0,0.0,8,0.5,8,0.5,8,0.5
-87.6305,41.8745,6129,0,0.0,3190,0.520476423560124,3190,0.520476423560124,2939,0.479523576439876,54,0,0.0,23,0.42592592592592593,23,0.42592592592592593,31,0.5740740740740741
-87.6305,41.875,1319,0,0.0,959,0.7270659590598939,959,0.7270659590598939,360,0.27293404094010615,19,0,0.0,12,0.631578947368421,12,0.631578947368421,7,0.3684210526315789
-87.6305,41.8755,3649,0,0.0,2831,0.7758289942449986,2831,0.7758289942449986,818,0.22417100575500137,52,0,0.0,37,0.7115384615384616,37,0.7115384615384616,15,0.28846153846153844
-87.6305,41.876,2212,0,0.0,1661,0.7509041591320073,1661,0.7509041591320073,551,0.24909584086799277,21,0,0.0,12,0.5714285714285714,12,0.5714285714285714,9,0.42857142857142855
-87.6305,41.8765,1907,0,0.0,1619,0.848977451494494,1619,0.848977451494494,288,0.15102254850550603,20,0,0.0,13,0.65,13,0.65,7,0.35
-87.6305,41.877,347,0,0.0,140,0.4034582132564842,140,0.4034582132564842,207,0.5965417867435159,8,0,0.0,3,0.375,3,0.375,5,0.625
-87.6305,41.8775,558,6,0.010752688172043012,268,0.48028673835125446,274,0.49103942652329746,284,0.5089605734767025,20,2,0.1,6,0.3,8,0.4,12,0.6
-87.6305,41.878,7040,619,0.08792613636363636,151,0.021448863636363637,770,0.109375,6270,0.890625,79,14,0.17721518987341772,2,0.02531645569620253,16,0.20253164556962025,63,0.7974683544303798
-87.6305,41.8785,3043,0,0.0,106,0.03483404534998357,106,0.03483404534998357,2937,0.9651659546500164,40,0,0.0,1,0.025,1,0.025,39,0.975
-87.6305,41.879,3045,5,0.0016420361247947454,63,0.020689655172413793,68,0.02233169129720854,2977,0.9776683087027914,46,1,0.021739130434782608,2,0.043478260869565216,3,0.06521739130434782,43,0.9347826086956522
-87.6305,41.8795,2813,31,0.011020263064344117,205,0.0728759331674369,236,0.08389619623178102,2577,0.916103803768219,42,1,0.023809523809523808,7,0.16666666666666666,8,0.19047619047619047,34,0.8095238095238095
-87.6305,41.88,1447,0,0.0,513,0.35452660677263304,513,0.35452660677263304,934,0.645473393227367,23,0,0.0,7,0.30434782608695654,7,0.30434782608695654,16,0.6956521739130435
-87.6305,41.8805,12045,67,0.0055624740556247405,3400,0.282274802822748,3467,0.2878372768783728,8578,0.7121627231216272,132,3,0.022727272727272728,46,0.3484848484848485,49,0.3712121212121212,83,0.6287878787878788
-87.6305,41.881,5904,0,0.0,2066,0.3499322493224932,2066,0.3499322493224932,3838,0.6500677506775068,150,0,0.0,52,0.3466666666666667,52,0.3466666666666667,98,0.6533333333333333
-87.6305,41.8815,9879,54,0.005466140297600972,3837,0.38839963559064683,3891,0.3938657758882478,5988,0.6061342241117522,181,1,0.0055248618784530384,66,0.36464088397790057,67,0.3701657458563536,114,0.6298342541436464
-87.6305,41.882,17496,587,0.03355052583447645,3992,0.22816643804298126,4579,0.2617169638774577,12917,0.7382830361225423,211,9,0.04265402843601896,71,0.33649289099526064,80,0.3791469194312796,131,0.6208530805687204
-87.6305,41.8825,7615,578,0.07590282337491792,1158,0.1520682862770847,1736,0.22797110965200262,5879,0.7720288903479974,153,12,0.0784313725490196,41,0.2679738562091503,53,0.3464052287581699,100,0.6535947712418301
-87.6305,41.883,20130,5934,0.29478390461997017,2235,0.11102831594634874,8169,0.40581222056631894,11961,0.5941877794336811,249,48,0.1927710843373494,38,0.15261044176706828,86,0.3453815261044177,163,0.6546184738955824
-87.6305,41.8835,7236,1508,0.2084024322830293,950,0.1312880044223328,2458,0.3396904367053621,4778,0.660309563294638,177,18,0.1016949152542373,35,0.1977401129943503,53,0.2994350282485876,124,0.7005649717514124
-87.6305,41.884,19159,209,0.010908711310611201,5444,0.28414844198548983,5653,0.29505715329610105,13506,0.704942846703899,276,10,0.036231884057971016,80,0.2898550724637681,90,0.32608695652173914,186,0.6739130434782609
-87.6305,41.8845,1383,16,0.011569052783803326,717,0.5184381778741866,733,0.5300072306579899,650,0.4699927693420101,28,2,0.07142857142857142,10,0.35714285714285715,12,0.42857142857142855,16,0.5714285714285714
-87.6305,41.885,423,0,0.0,226,0.5342789598108747,226,0.5342789598108747,197,0.4657210401891253,10,0,0.0,6,0.6,6,0.6,4,0.4
-87.6305,41.8855,2680,0,0.0,227,0.08470149253731343,227,0.08470149253731343,2453,0.9152985074626866,24,0,0.0,7,0.2916666666666667,7,0.2916666666666667,17,0.7083333333333334
-87.6305,41.886,711,0,0.0,139,0.19549929676511954,139,0.19549929676511954,572,0.8045007032348804,14,0,0.0,7,0.5,7,0.5,7,0.5
-87.63,41.8745,346,0,0.0,222,0.6416184971098265,222,0.6416184971098265,124,0.3583815028901734,11,0,0.0,7,0.6363636363636364,7,0.6363636363636364,4,0.36363636363636365
-87.63,41.875,498,0,0.0,498,1.0,498,1.0,0,0.0,3,0,0.0,3,1.0,3,1.0,0,0.0
-87.63,41.8755,2485,0,0.0,2465,0.9919517102615694,2465,0.9919517102615694,20,0.008048289738430584,10,0,0.0,9,0.9,9,0.9,1,0.1
-87.63,41.876,51,0,0.0,33,0.6470588235294118,33,0.6470588235294118,18,0.35294117647058826,3,0,0.0,2,0.6666666666666666,2,0.6666666666666666,1,0.3333333333333333
-87.63,41.8765,1481,0,0.0,1439,0.9716407832545577,1439,0.9716407832545577,42,0.02835921674544227,17,0,0.0,15,0.8823529411764706,15,0.8823529411764706,2,0.11764705882352941
-87.63,41.877,126,0,0.0,126,1.0,126,1.0,0,0.0,2,0,0.0,2,1.0,2,1.0,0,0.0
-87.63,41.8775,60,3,0.05,0,0.0,3,0.05,57,0.95,4,1,0.25,0,0.0,1,0.25,3,0.75
-87.63,41.878,1922,371,0.19302809573361082,76,0.03954214360041623,447,0.23257023933402704,1475,0.7674297606659729,55,11,0.2,5,0.09090909090909091,16,0.2909090909090909,39,0.7090909090909091
-87.63,41.8785,21,0,0.0,0,0.0,0,0.0,21,1.0,1,0,0.0,0,0.0,0,0.0,1,1.0
-87.63,41.879,533,0,0.0,0,0.0,0,0.0,533,1.0,11,0,0.0,0,0.0,0,0.0,11,1.0
-87.63,41.8805,7685,0,0.0,3217,0.41860767729342874,3217,0.41860767729342874,4468,0.5813923227065713,75,0,0.0,25,0.3333333333333333,25,0.3333333333333333,50,0.6666666666666666
-87.63,41.881,55,0,0.0,0,0.0,0,0.0,55,1.0,1,0,0.0,0,0.0,0,0.0,1,1.0
-87.63,41.8815,981,0,0.0,489,0.4984709480122324,489,0.4984709480122324,492,0.5015290519877675,36,0,0.0,16,0.4444444444444444,16,0.4444444444444444,20,0.5555555555555556
-87.63,41.882,297,0,0.0,48,0.16161616161616163,48,0.16161616161616163,249,0.8383838383838383,13,0,0.0,3,0.23076923076923078,3,0.23076923076923078,10,0.7692307692307693
-87.63,41.883,1384,293,0.21170520231213874,292,0.21098265895953758,585,0.42268786127167635,799,0.5773121387283237,48,10,0.20833333333333334,6,0.125,16,0.3333333333333333,32,0.6666666666666666
-87.63,41.8835,65,0,0.0,0,0.0,0,0.0,65,1.0,4,0,0.0,0,0.0,0,0.0,4,1.0
-87.63,41.884,4586,43,0.009376362843436545,1130,0.24640209332751853,1173,0.25577845617095507,3413,0.7442215438290449,79,1,0.012658227848101266,30,0.379746835443038,31,0.3924050632911392,48,0.6075949367088608
-87.63,41.8845,271,0,0.0,220,0.8118081180811808,220,0.8118081180811808,51,0.1881918819188192,6,0,0.0,3,0.5,3,0.5,3,0.5
-87.63,41.8855,32,0,0.0,32,1.0,32,1.0,0,0.0,1,0,0.0,1,1.0,1,1.0,0,0.0
-87.63,41.886,1,0,0.0,0,0.0,0,0.0,1,1.0,1,0,0.0,0,0.0,0,0.0,1,1.0
-87.6295,41.8745,912,0,0.0,781,0.856359649122807,781,0.856359649122807,131,0.14364035087719298,14,0,0.0,9,0.6428571428571429,9,0.6428571428571429,5,0.35714285714285715
-87.6295,41.875,5,0,0.0,5,1.0,5,1.0,0,0.0,1,0,0.0,1,1.0,1,1.0,0,0.0
-87.6295,41.8755,1712,0,0.0,1712,1.0,1712,1.0,0,0.0,7,0,0.0,7,1.0,7,1.0,0,0.0
-87.6295,41.876,486,0,0.0,486,1.0,486,1.0,0,0.0,1,0,0.0,1,1.0,1,1.0,0,0.0
-87.6295,41.8765,633,0,0.0,503,0.7946287519747235,503,0.7946287519747235,130,0.20537124802527645,29,0,0.0,21,0.7241379310344828,21,0.7241379310344828,8,0.27586206896551724
-87.6295,41.877,125,0,0.0,125,1.0,125,1.0,0,0.0,2,0,0.0,2,1.0,2,1.0,0,0.0
-87.6295,41.8775,86,86,1.0,0,0.0,86,1.0,0,0.0,1,1,1.0,0,0.0,1,1.0,0,0.0
-87.6295,41.878,5368,1992,0.3710879284649776,225,0.0419150521609538,2217,0.41300298062593144,3151,0.5869970193740686,60,14,0.23333333333333334,7,0.11666666666666667,21,0.35,39,0.65
-87.6295,41.8785,51,10,0.19607843137254902,22,0.43137254901960786,32,0.6274509803921569,19,0.37254901960784315,4,1,0.25,1,0.25,2,0.5,2,0.5
-87.6295,41.879,885,0,0.0,0,0.0,0,0.0,885,1.0,14,0,0.0,0,0.0,0,0.0,14,1.0
-87.6295,41.8795,280,0,0.0,0,0.0,0,0.0,280,1.0,6,0,0.0,0,0.0,0,0.0,6,1.0
-87.6295,41.88,216,0,0.0,0,0.0,0,0.0,216,1.0,7,0,0.0,0,0.0,0,0.0,7,1.0
-87.6295,41.8805,14341,1249,0.08709295028240709,4003,0.27912976779861937,5252,0.36622271808102647,9089,0.6337772819189735,108,9,0.08333333333333333,31,0.28703703703703703,40,0.37037037037037035,68,0.6296296296296297
-87.6295,41.881,1341,42,0.03131991051454139,307,0.22893363161819538,349,0.26025354213273677,992,0.7397464578672632,19,1,0.05263157894736842,7,0.3684210526315789,8,0.42105263157894735,11,0.5789473684210527
-87.6295,41.8815,2142,134,0.06255835667600373,1385,0.6465919701213819,1519,0.7091503267973857,623,0.2908496732026144,52,2,0.038461538461538464,26,0.5,28,0.5384615384615384,24,0.46153846153846156
-87.6295,41.882,764,5,0.006544502617801047,162,0.21204188481675393,167,0.21858638743455497,597,0.7814136125654451,30,1,0.03333333333333333,9,0.3,10,0.3333333333333333,20,0.6666666666666666
-87.6295,41.8825,1825,0,0.0,75,0.0410958904109589,75,0.0410958904109589,1750,0.958904109589041,13,0,0.0,3,0.23076923076923078,3,0.23076923076923078,10,0.7692307692307693
-87.6295,41.883,3925,894,0.22777070063694269,940,0.2394904458598726,1834,0.46726114649681527,2091,0.5327388535031847,80,13,0.1625,22,0.275,35,0.4375,45,0.5625
-87.6295,41.8835,1532,107,0.06984334203655353,175,0.11422976501305483,282,0.18407310704960836,1250,0.8159268929503917,27,2,0.07407407407407407,7,0.25925925925925924,9,0.3333333333333333,18,0.6666666666666666
-87.6295,41.884,9101,43,0.0047247555213712775,3435,0.3774310515327986,3478,0.3821558070541699,5623,0.6178441929458302,133,3,0.022556390977443608,45,0.3383458646616541,48,0.3609022556390977,85,0.6390977443609023
-87.6295,41.8845,1496,0,0.0,850,0.5681818181818182,850,0.5681818181818182,646,0.4318181818181818,42,0,0.0,18,0.42857142857142855,18,0.42857142857142855,24,0.5714285714285714
-87.6295,41.885,1906,0,0.0,1407,0.7381951731374606,1407,0.7381951731374606,499,0.26180482686253936,22,0,0.0,10,0.45454545454545453,10,0.45454545454545453,12,0.5454545454545454
-87.6295,41.8855,1463,0,0.0,891,0.6090225563909775,891,0.6090225563909775,572,0.39097744360902253,47,0,0.0,22,0.46808510638297873,22,0.46808510638297873,25,0.5319148936170213
-87.6295,41.886,1579,0,0.0,684,0.4331855604813173,684,0.4331855604813173,895,0.5668144395186827,29,0,0.0,11,0.3793103448275862,11,0.3793103448275862,18,0.6206896551724138
-87.629,41.8745,1247,41,0.03287890938251804,429,0.3440256615878107,470,0.37690457097032876,777,0.6230954290296712,21,1,0.047619047619047616,8,0.38095238095238093,9,0.42857142857142855,12,0.5714285714285714
-87.629,41.875,1758,249,0.1416382252559727,874,0.49715585893060293,1123,0.6387940841865756,635,0.36120591581342437,18,5,0.2777777777777778,3,0.16666666666666666,8,0.4444444444444444,10,0.5555555555555556
-87.629,41.8755,2563,19,0.0074131876706984,2371,0.9250877877487319,2390,0.9325009754194303,173,0.06749902458056964,17,2,0.11764705882352941,10,0.5882352941176471,12,0.7058823529411765,5,0.29411764705882354
-87.629,41.876,486,0,0.0,385,0.7921810699588477,385,0.7921810699588477,101,0.20781893004115226,5,0,0.0,3,0.6,3,0.6,2,0.4
-87.629,41.8765,5409,0,0.0,4329,0.800332778702163,4329,0.800332778702163,1080,0.19966722129783693,46,0,0.0,29,0.6304347826086957,29,0.6304347826086957,17,0.3695652173913043
-87.629,41.877,782,0,0.0,467,0.5971867007672634,467,0.5971867007672634,315,0.40281329923273657,12,0,0.0,8,0.6666666666666666,8,0.6666666666666666,4,0.3333333333333333
-87.629,41.8775,1707,311,0.18219097832454598,774,0.45342706502636204,1085,0.635618043350908,622,0.36438195664909195,21,3,0.14285714285714285,10,0.47619047619047616,13,0.6190476190476191,8,0.38095238095238093
-87.629,41.878,3618,803,0.22194582642343835,400,0.11055831951354339,1203,0.33250414593698174,2415,0.6674958540630183,54,12,0.2222222222222222,10,0.18518518518518517,22,0.4074074074074074,32,0.5925925925925926
-87.629,41.8785,2185,166,0.07597254004576659,1201,0.5496567505720824,1367,0.625629290617849,818,0.37437070938215106,52,9,0.17307692307692307,9,0.17307692307692307,18,0.34615384615384615,34,0.6538461538461539
-87.629,41.879,2832,41,0.014477401129943503,919,0.3245056497175141,960,0.3389830508474576,1872,0.6610169491525424,50,2,0.04,7,0.14,9,0.18,41,0.82
-87.629,41.8795,1157,22,0.01901469317199654,72,0.06222990492653414,94,0.08124459809853068,1063,0.9187554019014693,33,3,0.09090909090909091,3,0.09090909090909091,6,0.18181818181818182,27,0.8181818181818182
-87.629,41.88,3881,95,0.0244782272610152,1801,0.46405565575882507,1896,0.48853388301984024,1985,0.5114661169801598,42,6,0.14285714285714285,5,0.11904761904761904,11,0.2619047619047619,31,0.7380952380952381
-87.629,41.8805,5176,1005,0.19416537867078826,1301,0.25135239567233386,2306,0.4455177743431221,2870,0.5544822256568779,108,25,0.23148148148148148,18,0.16666666666666666,43,0.39814814814814814,65,0.6018518518518519
-87.629,41.881,3675,374,0.1017687074829932,895,0.24353741496598638,1269,0.34530612244897957,2406,0.6546938775510204,65,10,0.15384615384615385,17,0.26153846153846155,27,0.4153846153846154,38,0.5846153846153846
-87.629,41.8815,13719,2202,0.16050732560682265,4544,0.3312194766382389,6746,0.4917268022450616,6973,0.5082731977549384,142,22,0.15492957746478872,42,0.29577464788732394,64,0.4507042253521127,78,0.5492957746478874
-87.629,41.882,4329,391,0.09032109032109033,381,0.088011088011088,772,0.17833217833217835,3557,0.8216678216678217,123,12,0.0975609756097561,25,0.2032520325203252,37,0.3008130081300813,86,0.6991869918699187
-87.629,41.8825,4477,538,0.1201697565333929,102,0.0227831136922046,640,0.1429528702255975,3837,0.8570471297744024,50,5,0.1,8,0.16,13,0.26,37,0.74
-87.629,41.883,3052,361,0.11828309305373526,212,0.06946264744429882,573,0.18774574049803408,2479,0.812254259501966,81,9,0.1111111111111111,16,0.19753086419753085,25,0.30864197530864196,56,0.691358024691358
-87.629,41.8835,1346,128,0.0950965824665676,485,0.3603268945022288,613,0.4554234769687964,733,0.5445765230312035,39,5,0.1282051282051282,13,0.3333333333333333,18,0.46153846153846156,21,0.5384615384615384
-87.629,41.884,13243,136,0.010269576379974325,3196,0.24133504492939667,3332,0.251604621309371,9911,0.748395378690629,213,4,0.018779342723004695,90,0.4225352112676056,94,0.4413145539906103,119,0.5586854460093896
-87.629,41.8845,3945,170,0.043092522179974654,2444,0.6195183776932827,2614,0.6626108998732573,1331,0.3373891001267427,83,3,0.03614457831325301,41,0.4939759036144578,44,0.5301204819277109,39,0.46987951807228917
-87.629,41.885,1293,8,0.006187161639597835,741,0.5730858468677494,749,0.5792730085073473,544,0.42072699149265275,28,1,0.03571428571428571,13,0.4642857142857143,14,0.5,14,0.5
-87.629,41.8855,2546,0,0.0,1690,0.6637863315003928,1690,0.6637863315003928,856,0.3362136684996072,50,0,0.0,27,0.54,27,0.54,23,0.46
-87.629,41.886,398,0,0.0,398,1.0,398,1.0,0,0.0,3,0,0.0,3,1.0,3,1.0,0,0.0
-87.6285,41.8745,416,0,0.0,160,0.38461538461538464,160,0.38461538461538464,256,0.6153846153846154,10,0,0.0,4,0.4,4,0.4,6,0.6
-87.6285,41.875,687,0,0.0,458,0.6666666666666666,458,0.6666666666666666,229,0.3333333333333333,6,0,0.0,2,0.3333333333333333,2,0.3333333333333333,4,0.6666666666666666
-87.6285,41.8755,1874,0,0.0,1874,1.0,1874,1.0,0,0.0,8,0,0.0,8,1.0,8,1.0,0,0.0
-87.6285,41.876,64,0,0.0,44,0.6875,44,0.6875,20,0.3125,4,0,0.0,3,0.75,3,0.75,1,0.25
-87.6285,41.8765,1616,15,0.009282178217821782,1407,0.8706683168316832,1422,0.879950495049505,194,0.12004950495049505,27,1,0.037037037037037035,19,0.7037037037037037,20,0.7407407407407407,7,0.25925925925925924
-87.6285,41.877,120,0,0.0,110,0.9166666666666666,110,0.9166666666666666,10,0.08333333333333333,4,0,0.0,3,0.75,3,0.75,1,0.25
-87.6285,41.878,704,109,0.15482954545454544,42,0.05965909090909091,151,0.21448863636363635,553,0.7855113636363636,24,5,0.20833333333333334,1,0.041666666666666664,6,0.25,18,0.75
-87.6285,41.879,967,0,0.0,385,0.3981385729058945,385,0.3981385729058945,582,0.6018614270941055,19,0,0.0,6,0.3157894736842105,6,0.3157894736842105,13,0.6842105263157895
-87.6285,41.8795,36,0,0.0,0,0.0,0,0.0,36,1.0,1,0,0.0,0,0.0,0,0.0,1,1.0
-87.6285,41.8805,1132,346,0.30565371024734983,150,0.13250883392226148,496,0.4381625441696113,636,0.5618374558303887,35,14,0.4,2,0.05714285714285714,16,0.45714285714285713,19,0.5428571428571428
-87.6285,41.881,796,0,0.0,0,0.0,0,0.0,796,1.0,1,0,0.0,0,0.0,0,0.0,1,1.0
-87.6285,41.8815,777,104,0.13384813384813385,91,0.11711711711711711,195,0.25096525096525096,582,0.749034749034749,23,3,0.13043478260869565,3,0.13043478260869565,6,0.2608695652173913,17,0.7391304347826086
-87.6285,41.882,1060,66,0.062264150943396226,68,0.06415094339622641,134,0.12641509433962264,926,0.8735849056603774,21,2,0.09523809523809523,2,0.09523809523809523,4,0.19047619047619047,17,0.8095238095238095
-87.6285,41.8825,19,0,0.0,0,0.0,0,0.0,19,1.0,1,0,0.0,0,0.0,0,0.0,1,1.0
-87.6285,41.883,3527,645,0.1828749645591154,25,0.007088176920895945,670,0.18996314148001134,2857,0.8100368585199886,53,7,0.1320754716981132,8,0.1509433962264151,15,0.2830188679245283,38,0.7169811320754716
-87.6285,41.884,9102,0,0.0,2409,0.26466710613052075,2409,0.26466710613052075,6693,0.7353328938694792,216,0,0.0,104,0.48148148148148145,104,0.48148148148148145,112,0.5185185185185185
-87.6285,41.8845,4107,0,0.0,1990,0.48453859264670074,1990,0.48453859264670074,2117,0.5154614073532993,93,0,0.0,46,0.4946236559139785,46,0.4946236559139785,47,0.5053763440860215
-87.6285,41.8855,1096,0,0.0,479,0.43704379562043794,479,0.43704379562043794,617,0.5629562043795621,32,0,0.0,19,0.59375,19,0.59375,13,0.40625
-87.6285,41.886,143,0,0.0,89,0.6223776223776224,89,0.6223776223776224,54,0.3776223776223776,3,0,0.0,1,0.3333333333333333,1,0.3333333333333333,2,0.6666666666666666
-87.628,41.8745,594,0,0.0,361,0.6077441077441077,361,0.6077441077441077,233,0.39225589225589225,14,0,0.0,8,0.5714285714285714,8,0.5714285714285714,6,0.42857142857142855
-87.628,41.8755,1336,0,0.0,396,0.2964071856287425,396,0.2964071856287425,940,0.7035928143712575,20,0,0.0,16,0.8,16,0.8,4,0.2
-87.628,41.8765,1115,0,0.0,961,0.8618834080717489,961,0.8618834080717489,154,0.13811659192825113,13,0,0.0,11,0.8461538461538461,11,0.8461538461538461,2,0.15384615384615385
-87.628,41.877,52,0,0.0,26,0.5,26,0.5,26,0.5,4,0,0.0,3,0.75,3,0.75,1,0.25
-87.628,41.878,2970,91,0.03063973063973064,783,0.2636363636363636,874,0.29427609427609425,2096,0.7057239057239058,20,3,0.15,2,0.1,5,0.25,15,0.75
-87.628,41.879,514,0,0.0,167,0.32490272373540857,167,0.32490272373540857,347,0.6750972762645915,14,0,0.0,4,0.2857142857142857,4,0.2857142857142857,10,0.7142857142857143
-87.628,41.8795,37,0,0.0,0,0.0,0,0.0,37,1.0,1,0,0.0,0,0.0,0,0.0,1,1.0
-87.628,41.8805,4547,595,0.13085550912689686,37,0.008137233340664175,632,0.13899274246756105,3915,0.861007257532439,56,14,0.25,2,0.03571428571428571,16,0.2857142857142857,40,0.7142857142857143
-87.628,41.881,111,0,0.0,0,0.0,0,0.0,111,1.0,1,0,0.0,0,0.0,0,0.0,1,1.0
-87.628,41.8815,667,5,0.0074962518740629685,52,0.07796101949025487,57,0.08545727136431784,610,0.9145427286356822,19,1,0.05263157894736842,3,0.15789473684210525,4,0.21052631578947367,15,0.7894736842105263
-87.628,41.882,875,36,0.04114285714285714,67,0.07657142857142857,103,0.11771428571428572,772,0.8822857142857143,28,2,0.07142857142857142,6,0.21428571428571427,8,0.2857142857142857,20,0.7142857142857143
-87.628,41.883,5256,520,0.0989345509893455,111,0.021118721461187213,631,0.12005327245053271,4625,0.8799467275494672,62,10,0.16129032258064516,6,0.0967741935483871,16,0.25806451612903225,46,0.7419354838709677
-87.628,41.8835,56,0,0.0,56,1.0,56,1.0,0,0.0,1,0,0.0,1,1.0,1,1.0,0,0.0
-87.628,41.884,8833,0,0.0,1770,0.2003849201856674,1770,0.2003849201856674,7063,0.7996150798143327,84,0,0.0,29,0.34523809523809523,29,0.34523809523809523,55,0.6547619047619048
-87.628,41.8845,1988,0,0.0,923,0.4642857142857143,923,0.4642857142857143,1065,0.5357142857142857,31,0,0.0,19,0.6129032258064516,19,0.6129032258064516,12,0.3870967741935484
-87.628,41.885,937,0,0.0,768,0.8196371398078975,768,0.8196371398078975,169,0.18036286019210246,9,0,0.0,5,0.5555555555555556,5,0.5555555555555556,4,0.4444444444444444
-87.628,41.8855,4606,0,0.0,2554,0.5544941380807642,2554,0.5544941380807642,2052,0.4455058619192358,63,0,0.0,27,0.42857142857142855,27,0.42857142857142855,36,0.5714285714285714
-87.628,41.886,589,0,0.0,63,0.10696095076400679,63,0.10696095076400679,526,0.8930390492359932,14,0,0.0,6,0.42857142857142855,6,0.42857142857142855,8,0.5714285714285714
-87.6275,41.8745,2091,0,0.0,1195,0.5714968914395027,1195,0.5714968914395027,896,0.4285031085604974,37,0,0.0,22,0.5945945945945946,22,0.5945945945945946,15,0.40540540540540543
-87.6275,41.875,4371,0,0.0,3556,0.813543811484786,3556,0.813543811484786,815,0.18645618851521392,21,0,0.0,11,0.5238095238095238,11,0.5238095238095238,10,0.47619047619047616
-87.6275,41.8755,7159,0,0.0,5624,0.7855845788517949,5624,0.7855845788517949,1535,0.21441542114820505,48,0,0.0,33,0.6875,33,0.6875,15,0.3125
-87.6275,41.876,1036,0,0.0,793,0.7654440154440154,793,0.7654440154440154,243,0.23455598455598456,26,0,0.0,19,0.7307692307692307,19,0.7307692307692307,7,0.2692307692307692
-87.6275,41.8765,3134,29,0.009253350350989151,2249,0.7176132737715379,2278,0.7268666241225271,856,0.2731333758774729,62,2,0.03225806451612903,38,0.6129032258064516,40,0.6451612903225806,22,0.3548387096774194
-87.6275,41.877,716,0,0.0,599,0.8365921787709497,599,0.8365921787709497,117,0.1634078212290503,17,0,0.0,11,0.6470588235294118,11,0.6470588235294118,6,0.35294117647058826
-87.6275,41.8775,867,0,0.0,748,0.8627450980392157,748,0.8627450980392157,119,0.13725490196078433,11,0,0.0,6,0.5454545454545454,6,0.5454545454545454,5,0.45454545454545453
-87.6275,41.878,4574,124,0.02710975076519458,927,0.20266724967205946,1051,0.22977700043725405,3523,0.770222999562746,47,8,0.1702127659574468,9,0.19148936170212766,17,0.3617021276595745,30,0.6382978723404256
-87.6275,41.8785,1128,0,0.0,336,0.2978723404255319,336,0.2978723404255319,792,0.7021276595744681,19,0,0.0,6,0.3157894736842105,6,0.3157894736842105,13,0.6842105263157895
-87.6275,41.879,4799,32,0.006668055844967702,1489,0.31027297353615335,1521,0.31694102938112106,3278,0.6830589706188789,51,1,0.0196078431372549,14,0.27450980392156865,15,0.29411764705882354,36,0.7058823529411765
-87.6275,41.8795,2891,261,0.09028017986855759,875,0.3026634382566586,1136,0.39294361812521617,1755,0.6070563818747838,44,2,0.045454545454545456,11,0.25,13,0.29545454545454547,31,0.7045454545454546
-87.6275,41.88,2377,11,0.004627681952040387,231,0.09718132099284812,242,0.10180900294488851,2135,0.8981909970551115,31,1,0.03225806451612903,8,0.25806451612903225,9,0.2903225806451613,22,0.7096774193548387
-87.6275,41.8805,10219,1685,0.1648889323808592,2520,0.2465994715725609,4205,0.4114884039534201,6014,0.5885115960465799,85,14,0.16470588235294117,20,0.23529411764705882,34,0.4,51,0.6
-87.6275,41.881,2519,107,0.042477173481540294,507,0.20127034537514887,614,0.24374751885668916,1905,0.7562524811433108,38,3,0.07894736842105263,12,0.3157894736842105,15,0.39473684210526316,23,0.6052631578947368
-87.6275,41.8815,7880,228,0.028934010152284265,415,0.05266497461928934,643,0.0815989847715736,7237,0.9184010152284264,78,8,0.10256410256410256,14,0.1794871794871795,22,0.28205128205128205,56,0.717948717948718
-87.6275,41.882,3959,330,0.08335438241980297,1481,0.3740843647385703,1811,0.4574387471583733,2148,0.5425612528416267,68,9,0.1323529411764706,20,0.29411764705882354,29,0.4264705882352941,39,0.5735294117647058
-87.6275,41.8825,1647,0,0.0,1127,0.684274438372799,1127,0.684274438372799,520,0.31572556162720095,30,0,0.0,12,0.4,12,0.4,18,0.6
-87.6275,41.883,2505,450,0.17964071856287425,358,0.14291417165668663,808,0.32255489021956085,1697,0.6774451097804391,88,12,0.13636363636363635,16,0.18181818181818182,28,0.3181818181818182,60,0.6818181818181818
-87.6275,41.8835,2378,0,0.0,1927,0.8103448275862069,1927,0.8103448275862069,451,0.1896551724137931,30,0,0.0,16,0.5333333333333333,16,0.5333333333333333,14,0.4666666666666667
-87.6275,41.884,8068,0,0.0,3372,0.4179474467030243,3372,0.4179474467030243,4696,0.5820525532969757,113,0,0.0,51,0.45132743362831856,51,0.45132743362831856,62,0.5486725663716814
-87.6275,41.8845,8525,0,0.0,4027,0.47237536656891493,4027,0.47237536656891493,4498,0.527624633431085,93,0,0.0,50,0.5376344086021505,50,0.5376344086021505,43,0.46236559139784944
-87.6275,41.885,2670,0,0.0,1927,0.7217228464419476,1927,0.7217228464419476,743,0.27827715355805244,54,0,0.0,28,0.5185185185185185,28,0.5185185185185185,26,0.48148148148148145
-87.6275,41.8855,1097,0,0.0,646,0.5888787602552416,646,0.5888787602552416,451,0.41112123974475845,35,0,0.0,16,0.45714285714285713,16,0.45714285714285713,19,0.5428571428571428
-87.627,41.875,152,0,0.0,128,0.8421052631578947,128,0.8421052631578947,24,0.15789473684210525,2,0,0.0,1,0.5,1,0.5,1,0.5
-87.627,41.8755,1421,0,0.0,1280,0.9007741027445461,1280,0.9007741027445461,141,0.0992258972554539,27,0,0.0,21,0.7777777777777778,21,0.7777777777777778,6,0.2222222222222222
-87.627,41.876,79,0,0.0,49,0.620253164556962,49,0.620253164556962,30,0.379746835443038,5,0,0.0,4,0.8,4,0.8,1,0.2
-87.627,41.8765,4686,0,0.0,3238,0.6909944515578318,3238,0.6909944515578318,1448,0.30900554844216815,61,0,0.0,38,0.6229508196721312,38,0.6229508196721312,23,0.3770491803278688
-87.627,41.877,213,0,0.0,117,0.5492957746478874,117,0.5492957746478874,96,0.4507042253521127,8,0,0.0,4,0.5,4,0.5,4,0.5
-87.627,41.878,774,186,0.24031007751937986,30,0.03875968992248062,216,0.27906976744186046,558,0.7209302325581395,29,6,0.20689655172413793,2,0.06896551724137931,8,0.27586206896551724,21,0.7241379310344828
-87.627,41.879,764,18,0.02356020942408377,0,0.0,18,0.02356020942408377,746,0.9764397905759162,8,2,0.25,0,0.0,2,0.25,6,0.75
-87.627,41.8795,431,155,0.35962877030162416,61,0.14153132250580047,216,0.5011600928074247,215,0.4988399071925754,17,4,0.23529411764705882,3,0.17647058823529413,7,0.4117647058823529,10,0.5882352941176471
-87.627,41.8805,1950,177,0.09076923076923077,337,0.17282051282051283,514,0.26358974358974363,1436,0.7364102564102564,48,6,0.125,11,0.22916666666666666,17,0.3541666666666667,31,0.6458333333333334
-87.627,41.8815,505,396,0.7841584158415842,0,0.0,396,0.7841584158415842,109,0.21584158415841584,2,1,0.5,0,0.0,1,0.5,1,0.5
-87.627,41.882,2642,563,0.21309613928841786,368,0.1392884178652536,931,0.35238455715367145,1711,0.6476154428463285,37,9,0.24324324324324326,9,0.24324324324324326,18,0.4864864864864865,19,0.5135135135135135
-87.627,41.883,2731,704,0.2577810325887953,74,0.027096301720981326,778,0.28487733430977663,1953,0.7151226656902233,47,10,0.2127659574468085,5,0.10638297872340426,15,0.3191489361702128,32,0.6808510638297872
-87.627,41.884,4114,0,0.0,584,0.14195430238210988,584,0.14195430238210988,3530,0.8580456976178902,33,0,0.0,12,0.36363636363636365,12,0.36363636363636365,21,0.6363636363636364
-87.627,41.8845,1924,0,0.0,1370,0.7120582120582121,1370,0.7120582120582121,554,0.28794178794178793,22,0,0.0,11,0.5,11,0.5,11,0.5
-87.627,41.885,90,0,0.0,34,0.37777777777777777,34,0.37777777777777777,56,0.6222222222222222,3,0,0.0,1,0.3333333333333333,1,0.3333333333333333,2,0.6666666666666666
-87.627,41.8855,371,0,0.0,259,0.6981132075471698,259,0.6981132075471698,112,0.3018867924528302,15,0,0.0,9,0.6,9,0.6,6,0.4
-87.627,41.886,23,0,0.0,23,1.0,23,1.0,0,0.0,1,0,0.0,1,1.0,1,1.0,0,0.0
-87.6265,41.8755,863,0,0.0,716,0.8296639629200464,716,0.8296639629200464,147,0.17033603707995365,25,0,0.0,17,0.68,17,0.68,8,0.32
-87.6265,41.8765,730,0,0.0,633,0.8671232876712329,633,0.8671232876712329,97,0.13287671232876713,18,0,0.0,15,0.8333333333333334,15,0.8333333333333334,3,0.16666666666666666
-87.6265,41.877,175,0,0.0,76,0.4342857142857143,76,0.4342857142857143,99,0.5657142857142857,6,0,0.0,3,0.5,3,0.5,3,0.5
-87.6265,41.8775,55,0,0.0,0,0.0,0,0.0,55,1.0,1,0,0.0,0,0.0,0,0.0,1,1.0
-87.6265,41.878,1413,56,0.039631988676574664,240,0.16985138004246284,296,0.2094833687190375,1117,0.7905166312809625,43,5,0.11627906976744186,8,0.18604651162790697,13,0.3023255813953488,30,0.6976744186046512
-87.6265,41.879,154,0,0.0,0,0.0,0,0.0,154,1.0,5,0,0.0,0,0.0,0,0.0,5,1.0
-87.6265,41.8795,499,42,0.0841683366733467,159,0.3186372745490982,201,0.40280561122244485,298,0.5971943887775552,20,2,0.1,5,0.25,7,0.35,13,0.65
-87.6265,41.8805,4736,869,0.18348817567567569,568,0.11993243243243243,1437,0.3034206081081081,3299,0.6965793918918919,69,10,0.14492753623188406,14,0.2028985507246377,24,0.34782608695652173,45,0.6521739130434783
-87.6265,41.881,56,0,0.0,56,1.0,56,1.0,0,0.0,1,0,0.0,1,1.0,1,1.0,0,0.0
-87.6265,41.8815,109,42,0.3853211009174312,0,0.0,42,0.3853211009174312,67,0.6146788990825688,3,1,0.3333333333333333,0,0.0,1,0.3333333333333333,2,0.6666666666666666
-87.6265,41.882,1689,535,0.3167554766133807,321,0.19005328596802842,856,0.5068087625814092,833,0.4931912374185909,54,14,0.25925925925925924,11,0.2037037037037037,25,0.46296296296296297,29,0.5370370370370371
-87.6265,41.883,5907,1025,0.17352293888606737,388,0.06568478076857966,1413,0.23920771965464704,4494,0.760792280345353,52,7,0.1346153846153846,9,0.17307692307692307,16,0.3076923076923077,36,0.6923076923076923
-87.6265,41.884,4719,0,0.0,824,0.17461326552235643,824,0.17461326552235643,3895,0.8253867344776435,43,0,0.0,18,0.4186046511627907,18,0.4186046511627907,25,0.5813953488372093
-87.6265,41.8845,4106,9,0.00219191427179737,2632,0.6410131514856308,2641,0.6432050657574281,1465,0.35679493424257186,58,1,0.017241379310344827,24,0.41379310344827586,25,0.43103448275862066,33,0.5689655172413793
-87.6265,41.885,5257,0,0.0,3997,0.7603195739014648,3997,0.7603195739014648,1260,0.2396804260985353,94,0,0.0,47,0.5,47,0.5,47,0.5
-87.6265,41.8855,1133,262,0.23124448367166814,836,0.7378640776699029,1098,0.9691085613415711,35,0.03089143865842895,10,1,0.1,6,0.6,7,0.7,3,0.3
-87.6265,41.886,51,25,0.49019607843137253,22,0.43137254901960786,47,0.9215686274509804,4,0.0784313725490196,3,1,0.3333333333333333,1,0.3333333333333333,2,0.6666666666666666,1,0.3333333333333333
-87.626,41.8745,1288,0,0.0,1288,1.0,1288,1.0,0,0.0,2,0,0.0,2,1.0,2,1.0,0,0.0
-87.626,41.875,265,0,0.0,265,1.0,265,1.0,0,0.0,2,0,0.0,2,1.0,2,1.0,0,0.0
-87.626,41.8755,5048,0,0.0,3923,0.7771394611727417,3923,0.7771394611727417,1125,0.22286053882725831,57,0,0.0,45,0.7894736842105263,45,0.7894736842105263,12,0.21052631578947367
-87.626,41.876,471,0,0.0,407,0.8641188959660298,407,0.8641188959660298,64,0.13588110403397027,10,0,0.0,7,0.7,7,0.7,3,0.3
-87.626,41.8765,1884,0,0.0,1703,0.9039278131634819,1703,0.9039278131634819,181,0.09607218683651805,26,0,0.0,19,0.7307692307692307,19,0.7307692307692307,7,0.2692307692307692
-87.626,41.877,603,0,0.0,397,0.6583747927031509,397,0.6583747927031509,206,0.3416252072968491,10,0,0.0,7,0.7,7,0.7,3,0.3
-87.626,41.8775,187,0,0.0,118,0.6310160427807486,118,0.6310160427807486,69,0.3689839572192513,6,0,0.0,2,0.3333333333333333,2,0.3333333333333333,4,0.6666666666666666
-87.626,41.878,3386,84,0.024808033077377438,713,0.21057294743059657,797,0.235380980507974,2589,0.764619019492026,49,1,0.02040816326530612,14,0.2857142857142857,15,0.30612244897959184,34,0.6938775510204082
-87.626,41.8785,737,0,0.0,311,0.42198100407055633,311,0.42198100407055633,426,0.5780189959294437,9,0,0.0,4,0.4444444444444444,4,0.4444444444444444,5,0.5555555555555556
-87.626,41.879,816,18,0.022058823529411766,221,0.2708333333333333,239,0.29289215686274506,577,0.7071078431372549,31,1,0.03225806451612903,9,0.2903225806451613,10,0.3225806451612903,21,0.6774193548387096
-87.626,41.8795,5276,37,0.007012888551933283,2890,0.5477634571645186,2927,0.5547763457164518,2349,0.44522365428354815,44,3,0.06818181818181818,14,0.3181818181818182,17,0.38636363636363635,27,0.6136363636363636
-87.626,41.88,2771,0,0.0,1372,0.49512811259473116,1372,0.49512811259473116,1399,0.5048718874052689,14,0,0.0,7,0.5,7,0.5,7,0.5
-87.626,41.8805,10862,1965,0.18090591051371754,2352,0.2165347081568772,4317,0.39744061867059477,6545,0.6025593813294052,79,8,0.10126582278481013,25,0.31645569620253167,33,0.4177215189873418,46,0.5822784810126582
-87.626,41.881,4312,0,0.0,3038,0.7045454545454546,3038,0.7045454545454546,1274,0.29545454545454547,18,0,0.0,10,0.5555555555555556,10,0.5555555555555556,8,0.4444444444444444
-87.626,41.8815,2724,48,0.01762114537444934,1898,0.6967694566813509,1946,0.7143906020558003,778,0.2856093979441997,33,4,0.12121212121212122,13,0.3939393939393939,17,0.5151515151515151,16,0.48484848484848486
-87.626,41.882,5237,852,0.1626885621539049,2242,0.4281076952453695,3094,0.5907962573992744,2143,0.4092037426007256,77,13,0.16883116883116883,29,0.37662337662337664,42,0.5454545454545454,35,0.45454545454545453
-87.626,41.8825,2105,0,0.0,867,0.4118764845605701,867,0.4118764845605701,1238,0.58812351543943,33,0,0.0,16,0.48484848484848486,16,0.48484848484848486,17,0.5151515151515151
-87.626,41.883,8830,382,0.04326160815402039,2627,0.29750849377123445,3009,0.3407701019252548,5821,0.6592298980747452,108,6,0.05555555555555555,43,0.39814814814814814,49,0.4537037037037037,59,0.5462962962962963
-87.626,41.8835,3844,0,0.0,2010,0.5228928199791884,2010,0.5228928199791884,1834,0.47710718002081165,48,0,0.0,22,0.4583333333333333,22,0.4583333333333333,26,0.5416666666666666
-87.626,41.884,7434,0,0.0,3135,0.42171105730427766,3135,0.42171105730427766,4299,0.5782889426957224,92,0,0.0,41,0.44565217391304346,41,0.44565217391304346,51,0.5543478260869565
-87.626,41.8845,6000,87,0.0145,4925,0.8208333333333333,5012,0.8353333333333333,988,0.16466666666666666,62,2,0.03225806451612903,35,0.5645161290322581,37,0.5967741935483871,25,0.4032258064516129
-87.626,41.885,2696,63,0.02336795252225519,1336,0.49554896142433236,1399,0.5189169139465876,1297,0.4810830860534125,59,4,0.06779661016949153,30,0.5084745762711864,34,0.576271186440678,25,0.423728813559322
-87.626,41.8855,532,313,0.5883458646616542,184,0.3458646616541353,497,0.9342105263157895,35,0.06578947368421052,11,4,0.36363636363636365,4,0.36363636363636365,8,0.7272727272727273,3,0.2727272727272727
-87.626,41.886,63,59,0.9365079365079365,0,0.0,59,0.9365079365079365,4,0.06349206349206349,3,2,0.6666666666666666,0,0.0,2,0.6666666666666666,1,0.3333333333333333
-87.6255,41.8755,1356,0,0.0,648,0.4778761061946903,648,0.4778761061946903,708,0.5221238938053098,30,0,0.0,18,0.6,18,0.6,12,0.4
-87.6255,41.876,140,0,0.0,68,0.4857142857142857,68,0.4857142857142857,72,0.5142857142857142,3,0,0.0,1,0.3333333333333333,1,0.3333333333333333,2,0.6666666666666666
-87.6255,41.8765,2531,0,0.0,2131,0.8419596997234294,2131,0.8419596997234294,400,0.15804030027657054,27,0,0.0,18,0.6666666666666666,18,0.6666666666666666,9,0.3333333333333333
-87.6255,41.877,2651,0,0.0,2022,0.7627310448887212,2022,0.7627310448887212,629,0.23726895511127877,23,0,0.0,18,0.782608695652174,18,0.782608695652174,5,0.21739130434782608
-87.6255,41.8775,241,0,0.0,142,0.5892116182572614,142,0.5892116182572614,99,0.4107883817427386,7,0,0.0,4,0.5714285714285714,4,0.5714285714285714,3,0.42857142857142855
-87.6255,41.878,2009,0,0.0,777,0.3867595818815331,777,0.3867595818815331,1232,0.6132404181184669,49,0,0.0,18,0.3673469387755102,18,0.3673469387755102,31,0.6326530612244898
-87.6255,41.8785,661,0,0.0,309,0.46747352496217853,309,0.46747352496217853,352,0.5325264750378215,13,0,0.0,7,0.5384615384615384,7,0.5384615384615384,6,0.46153846153846156
-87.6255,41.879,987,0,0.0,208,0.21073961499493415,208,0.21073961499493415,779,0.7892603850050659,26,0,0.0,9,0.34615384615384615,9,0.34615384615384615,17,0.6538461538461539
-87.6255,41.8795,2303,20,0.008684324793747287,956,0.4151107251411203,976,0.4237950499348676,1327,0.5762049500651324,35,1,0.02857142857142857,16,0.45714285714285713,17,0.4857142857142857,18,0.5142857142857142
-87.6255,41.88,636,0,0.0,636,1.0,636,1.0,0,0.0,5,0,0.0,5,1.0,5,1.0,0,0.0
-87.6255,41.8805,2001,366,0.18290854572713644,798,0.3988005997001499,1164,0.5817091454272864,837,0.41829085457271364,42,8,0.19047619047619047,17,0.40476190476190477,25,0.5952380952380952,17,0.40476190476190477
-87.6255,41.881,540,1,0.001851851851851852,487,0.9018518518518519,488,0.9037037037037038,52,0.0962962962962963,8,1,0.125,5,0.625,6,0.75,2,0.25
-87.6255,41.8815,197,2,0.01015228426395939,112,0.5685279187817259,114,0.5786802030456853,83,0.4213197969543147,6,1,0.16666666666666666,3,0.5,4,0.6666666666666666,2,0.3333333333333333
-87.6255,41.882,7148,1811,0.2533575825405708,1881,0.2631505316172356,3692,0.5165081141578064,3456,0.4834918858421936,95,14,0.14736842105263157,22,0.23157894736842105,36,0.37894736842105264,59,0.6210526315789474
-87.6255,41.8825,678,15,0.022123893805309734,619,0.9129793510324484,634,0.9351032448377582,44,0.06489675516224189,7,1,0.14285714285714285,4,0.5714285714285714,5,0.7142857142857143,2,0.2857142857142857
-87.6255,41.883,4724,1149,0.24322607959356476,609,0.12891617273497036,1758,0.37214225232853515,2966,0.6278577476714648,59,2,0.03389830508474576,22,0.3728813559322034,24,0.4067796610169492,35,0.5932203389830508
-87.6255,41.8835,94,0,0.0,94,1.0,94,1.0,0,0.0,2,0,0.0,2,1.0,2,1.0,0,0.0
-87.6255,41.884,8188,0,0.0,3461,0.42269174401563264,3461,0.42269174401563264,4727,0.5773082559843674,55,0,0.0,26,0.4727272727272727,26,0.4727272727272727,29,0.5272727272727272
-87.6255,41.8845,1588,0,0.0,763,0.4804785894206549,763,0.4804785894206549,825,0.5195214105793451,9,0,0.0,3,0.3333333333333333,3,0.3333333333333333,6,0.6666666666666666
-87.6255,41.885,40,0,0.0,0,0.0,0,0.0,40,1.0,1,0,0.0,0,0.0,0,0.0,1,1.0
-87.6255,41.8855,137,70,0.5109489051094891,35,0.25547445255474455,105,0.7664233576642336,32,0.23357664233576642,6,2,0.3333333333333333,1,0.16666666666666666,3,0.5,3,0.5
-87.625,41.8755,3103,0,0.0,2938,0.9468256525942637,2938,0.9468256525942637,165,0.053174347405736386,27,0,0.0,19,0.7037037037037037,19,0.7037037037037037,8,0.2962962962962963
-87.625,41.8765,904,0,0.0,686,0.7588495575221239,686,0.7588495575221239,218,0.2411504424778761,21,0,0.0,13,0.6190476190476191,13,0.6190476190476191,8,0.38095238095238093
-87.625,41.877,254,0,0.0,139,0.547244094488189,139,0.547244094488189,115,0.452755905511811,7,0,0.0,4,0.5714285714285714,4,0.5714285714285714,3,0.42857142857142855
-87.625,41.878,1958,19,0.009703779366700716,462,0.23595505617977527,481,0.245658835546476,1477,0.754341164453524,34,1,0.029411764705882353,12,0.35294117647058826,13,0.38235294117647056,21,0.6176470588235294
-87.625,41.879,5,0,0.0,0,0.0,0,0.0,5,1.0,1,0,0.0,0,0.0,0,0.0,1,1.0
-87.625,41.8795,766,0,0.0,341,0.4451697127937337,341,0.4451697127937337,425,0.5548302872062664,13,0,0.0,4,0.3076923076923077,4,0.3076923076923077,9,0.6923076923076923
-87.625,41.88,12,0,0.0,12,1.0,12,1.0,0,0.0,1,0,0.0,1,1.0,1,1.0,0,0.0
-87.625,41.8805,2537,361,0.14229404808829327,1206,0.47536460386283014,1567,0.6176586519511233,970,0.38234134804887665,57,9,0.15789473684210525,24,0.42105263157894735,33,0.5789473684210527,24,0.42105263157894735
-87.625,41.881,44,3,0.06818181818181818,0,0.0,3,0.06818181818181818,41,0.9318181818181818,2,1,0.5,0,0.0,1,0.5,1,0.5
-87.625,41.882,1642,8,0.0048721071863581,557,0.3392204628501827,565,0.3440925700365408,1077,0.6559074299634592,56,1,0.017857142857142856,14,0.25,15,0.26785714285714285,41,0.7321428571428571
-87.625,41.8825,56,36,0.6428571428571429,0,0.0,36,0.6428571428571429,20,0.35714285714285715,2,1,0.5,0,0.0,1,0.5,1,0.5
-87.625,41.883,4056,86,0.021203155818540435,1330,0.32790927021696253,1416,0.34911242603550297,2640,0.650887573964497,58,2,0.034482758620689655,19,0.3275862068965517,21,0.3620689655172414,37,0.6379310344827587
-87.625,41.884,3939,0,0.0,1259,0.3196242701193196,1259,0.3196242701193196,2680,0.6803757298806804,62,0,0.0,27,0.43548387096774194,27,0.43548387096774194,35,0.5645161290322581
-87.625,41.8845,208,0,0.0,44,0.21153846153846154,44,0.21153846153846154,164,0.7884615384615384,3,0,0.0,1,0.3333333333333333,1,0.3333333333333333,2,0.6666666666666666
-87.625,41.8855,679,287,0.422680412371134,372,0.5478645066273933,659,0.9705449189985274,20,0.029455081001472753,5,1,0.2,2,0.4,3,0.6,2,0.4
-87.625,41.886,44,0,0.0,0,0.0,0,0.0,44,1.0,1,0,0.0,0,0.0,0,0.0,1,1.0
-87.6245,41.8755,3930,0,0.0,3790,0.9643765903307888,3790,0.9643765903307888,140,0.035623409669211195,21,0,0.0,17,0.8095238095238095,17,0.8095238095238095,4,0.19047619047619047
-87.6245,41.8765,807,0,0.0,747,0.9256505576208178,747,0.9256505576208178,60,0.07434944237918216,22,0,0.0,15,0.6818181818181818,15,0.6818181818181818,7,0.3181818181818182
-87.6245,41.877,5357,0,0.0,5070,0.9464252380063468,5070,0.9464252380063468,287,0.053574761993653165,31,0,0.0,16,0.5161290322580645,16,0.5161290322580645,15,0.4838709677419355
-87.6245,41.878,10915,12,0.0010994044892349978,4544,0.4163078332569858,4556,0.4174072377462208,6359,0.5825927622537792,58,1,0.017241379310344827,29,0.5,30,0.5172413793103449,28,0.4827586206896552
-87.6245,41.8785,350,0,0.0,288,0.8228571428571428,288,0.8228571428571428,62,0.17714285714285713,9,0,0.0,5,0.5555555555555556,5,0.5555555555555556,4,0.4444444444444444
-87.6245,41.879,44,0,0.0,0,0.0,0,0.0,44,1.0,2,0,0.0,0,0.0,0,0.0,2,1.0
-87.6245,41.8795,2282,0,0.0,351,0.15381244522348816,351,0.15381244522348816,1931,0.8461875547765119,28,0,0.0,4,0.14285714285714285,4,0.14285714285714285,24,0.8571428571428571
-87.6245,41.88,367,0,0.0,29,0.07901907356948229,29,0.07901907356948229,338,0.9209809264305178,11,0,0.0,1,0.09090909090909091,1,0.09090909090909091,10,0.9090909090909091
-87.6245,41.8805,15287,791,0.05174331131026362,4138,0.2706875122653235,4929,0.3224308235755871,10358,0.6775691764244129,164,13,0.07926829268292683,59,0.3597560975609756,72,0.43902439024390244,92,0.5609756097560976
-87.6245,41.881,195,0,0.0,0,0.0,0,0.0,195,1.0,3,0,0.0,0,0.0,0,0.0,3,1.0
-87.6245,41.8815,122,0,0.0,51,0.4180327868852459,51,0.4180327868852459,71,0.5819672131147541,3,0,0.0,1,0.3333333333333333,1,0.3333333333333333,2,0.6666666666666666
-87.6245,41.882,3698,0,0.0,1333,0.36046511627906974,1333,0.36046511627906974,2365,0.6395348837209303,49,0,0.0,17,0.3469387755102041,17,0.3469387755102041,32,0.6530612244897959
-87.6245,41.8825,1089,0,0.0,461,0.4233241505968779,461,0.4233241505968779,628,0.5766758494031221,23,0,0.0,9,0.391304347826087,9,0.391304347826087,14,0.6086956521739131
-87.6245,41.883,8753,131,0.014966297269507597,2206,0.25202787615674627,2337,0.26699417342625387,6416,0.7330058265737461,122,1,0.00819672131147541,39,0.319672131147541,40,0.32786885245901637,82,0.6721311475409836
-87.6245,41.8835,945,0,0.0,487,0.5153439153439153,487,0.5153439153439153,458,0.4846560846560847,7,0,0.0,6,0.8571428571428571,6,0.8571428571428571,1,0.14285714285714285
-87.6245,41.884,5083,0,0.0,1881,0.37005705292150304,1881,0.37005705292150304,3202,0.629942947078497,72,0,0.0,29,0.4027777777777778,29,0.4027777777777778,43,0.5972222222222222
-87.6245,41.8845,3545,180,0.05077574047954866,1446,0.4078984485190409,1626,0.4586741889985895,1919,0.5413258110014104,25,1,0.04,10,0.4,11,0.44,14,0.56
-87.6245,41.885,2022,82,0.040553907022749754,1130,0.5588526211671613,1212,0.599406528189911,810,0.40059347181008903,50,2,0.04,23,0.46,25,0.5,25,0.5
-87.6245,41.8855,5007,695,0.13880567205911723,2810,0.5612142999800279,3505,0.7000199720391451,1502,0.2999800279608548,48,1,0.020833333333333332,31,0.6458333333333334,32,0.6666666666666666,16,0.3333333333333333
-87.6245,41.886,3367,0,0.0,1710,0.5078705078705079,1710,0.5078705078705079,1657,0.49212949212949214,20,0,0.0,12,0.6,12,0.6,8,0.4
-87.624,41.8745,2539,0,0.0,1520,0.5986608901142182,1520,0.5986608901142182,1019,0.4013391098857818,24,0,0.0,20,0.8333333333333334,20,0.8333333333333334,4,0.16666666666666666
-87.624,41.875,1490,0,0.0,1339,0.8986577181208054,1339,0.8986577181208054,151,0.10134228187919463,17,0,0.0,14,0.8235294117647058,14,0.8235294117647058,3,0.17647058823529413
-87.624,41.8755,3004,0,0.0,2513,0.8365512649800266,2513,0.8365512649800266,491,0.16344873501997337,51,0,0.0,40,0.7843137254901961,40,0.7843137254901961,11,0.21568627450980393
-87.624,41.876,632,0,0.0,464,0.7341772151898734,464,0.7341772151898734,168,0.26582278481012656,22,0,0.0,15,0.6818181818181818,15,0.6818181818181818,7,0.3181818181818182
-87.624,41.8765,1882,0,0.0,1467,0.779489904357067,1467,0.779489904357067,415,0.22051009564293306,61,0,0.0,47,0.7704918032786885,47,0.7704918032786885,14,0.22950819672131148
-87.624,41.877,2929,0,0.0,2541,0.8675315807442813,2541,0.8675315807442813,388,0.13246841925571867,49,0,0.0,37,0.7551020408163265,37,0.7551020408163265,12,0.24489795918367346
-87.624,41.8775,1328,0,0.0,954,0.7183734939759037,954,0.7183734939759037,374,0.2816265060240964,24,0,0.0,20,0.8333333333333334,20,0.8333333333333334,4,0.16666666666666666
-87.624,41.878,8892,0,0.0,5307,0.5968286099865048,5307,0.5968286099865048,3585,0.4031713900134953,91,0,0.0,45,0.4945054945054945,45,0.4945054945054945,46,0.5054945054945055
-87.624,41.8785,5674,0,0.0,2972,0.5237927388086007,2972,0.5237927388086007,2702,0.4762072611913994,96,0,0.0,44,0.4583333333333333,44,0.4583333333333333,52,0.5416666666666666
-87.624,41.879,14475,0,0.0,5161,0.35654576856649395,5161,0.35654576856649395,9314,0.643454231433506,179,0,0.0,65,0.36312849162011174,65,0.36312849162011174,114,0.6368715083798883
-87.624,41.8795,10051,0,0.0,3817,0.3797632076410307,3817,0.3797632076410307,6234,0.6202367923589692,141,0,0.0,58,0.41134751773049644,58,0.41134751773049644,83,0.5886524822695035
-87.624,41.88,11908,0,0.0,2051,0.1722371514947934,2051,0.1722371514947934,9857,0.8277628485052065,114,0,0.0,36,0.3157894736842105,36,0.3157894736842105,78,0.6842105263157895
-87.624,41.8805,17033,120,0.0070451476545529265,4638,0.2722949568484706,4758,0.27934010450302355,12275,0.7206598954969765,137,4,0.029197080291970802,34,0.24817518248175183,38,0.2773722627737226,99,0.7226277372262774
-87.624,41.881,13871,238,0.017158099632326437,2853,0.2056809170211232,3091,0.22283901665344963,10780,0.7771609833465504,96,5,0.052083333333333336,31,0.3229166666666667,36,0.375,60,0.625
-87.624,41.8815,11769,123,0.010451185317359163,1946,0.16534964737870678,2069,0.17580083269606595,9700,0.824199167303934,107,4,0.037383177570093455,35,0.32710280373831774,39,0.3644859813084112,68,0.6355140186915887
-87.624,41.882,7233,2,0.00027651043826904464,1778,0.2458177796211807,1780,0.24609429005944974,5453,0.7539057099405503,105,1,0.009523809523809525,36,0.34285714285714286,37,0.3523809523809524,68,0.6476190476190476
-87.624,41.8825,9920,17,0.0017137096774193549,2334,0.23528225806451614,2351,0.2369959677419355,7569,0.7630040322580646,76,1,0.013157894736842105,25,0.32894736842105265,26,0.34210526315789475,50,0.6578947368421053
-87.624,41.883,14745,88,0.0059681247880637505,4799,0.32546625974906745,4887,0.3314343845371312,9858,0.6685656154628687,136,1,0.007352941176470588,41,0.3014705882352941,42,0.3088235294117647,94,0.6911764705882353
-87.624,41.8835,6061,62,0.01022933509321894,1916,0.31611945223560467,1978,0.3263487873288236,4083,0.6736512126711763,133,2,0.015037593984962405,44,0.3308270676691729,46,0.3458646616541353,87,0.6541353383458647
-87.624,41.884,21961,167,0.007604389599745002,7020,0.31965757479167617,7187,0.3272619643914212,14774,0.6727380356085788,167,2,0.011976047904191617,74,0.4431137724550898,76,0.4550898203592814,91,0.5449101796407185
-87.624,41.8845,1906,0,0.0,1237,0.64900314795383,1237,0.64900314795383,669,0.35099685204617,21,0,0.0,11,0.5238095238095238,11,0.5238095238095238,10,0.47619047619047616
-87.624,41.885,1945,18,0.009254498714652956,789,0.4056555269922879,807,0.41491002570694085,1138,0.5850899742930591,27,1,0.037037037037037035,13,0.48148148148148145,14,0.5185185185185185,13,0.48148148148148145
-87.624,41.8855,2357,0,0.0,1157,0.49087823504454814,1157,0.49087823504454814,1200,0.5091217649554518,34,0,0.0,18,0.5294117647058824,18,0.5294117647058824,16,0.47058823529411764
-87.624,41.886,914,47,0.05142231947483589,388,0.424507658643326,435,0.4759299781181619,479,0.524070021881838,16,1,0.0625,7,0.4375,8,0.5,8,0.5
-87.6235,41.8745,366,0,0.0,297,0.8114754098360656,297,0.8114754098360656,69,0.1885245901639344,8,0,0.0,5,0.625,5,0.625,3,0.375
-87.6235,41.875,71,0,0.0,60,0.8450704225352113,60,0.8450704225352113,11,0.15492957746478872,5,0,0.0,4,0.8,4,0.8,1,0.2
-87.6235,41.8755,1048,0,0.0,853,0.8139312977099237,853,0.8139312977099237,195,0.18606870229007633,25,0,0.0,17,0.68,17,0.68,8,0.32
-87.6235,41.876,298,0,0.0,247,0.8288590604026845,247,0.8288590604026845,51,0.17114093959731544,17,0,0.0,14,0.8235294117647058,14,0.8235294117647058,3,0.17647058823529413
-87.6235,41.8765,10382,0,0.0,8610,0.8293199768830668,8610,0.8293199768830668,1772,0.17068002311693314,63,0,0.0,50,0.7936507936507936,50,0.7936507936507936,13,0.20634920634920634
-87.6235,41.878,2665,0,0.0,2386,0.8953095684803002,2386,0.8953095684803002,279,0.10469043151969981,19,0,0.0,11,0.5789473684210527,11,0.5789473684210527,8,0.42105263157894735
-87.6235,41.8805,1857,0,0.0,823,0.44318793753365643,823,0.44318793753365643,1034,0.5568120624663435,15,0,0.0,4,0.26666666666666666,4,0.26666666666666666,11,0.7333333333333333
-87.6235,41.884,852,0,0.0,459,0.5387323943661971,459,0.5387323943661971,393,0.4612676056338028,17,0,0.0,10,0.5882352941176471,10,0.5882352941176471,7,0.4117647058823529
-87.6235,41.8845,15,0,0.0,11,0.7333333333333333,11,0.7333333333333333,4,0.26666666666666666,2,0,0.0,1,0.5,1,0.5,1,0.5
-87.6235,41.886,21,0,0.0,21,1.0,21,1.0,0,0.0,1,0,0.0,1,1.0,1,1.0,0,0.0
-87.623,41.8745,7,0,0.0,7,1.0,7,1.0,0,0.0,1,0,0.0,1,1.0,1,1.0,0,0.0
-87.623,41.875,1260,0,0.0,1140,0.9047619047619048,1140,0.9047619047619048,120,0.09523809523809523,16,0,0.0,12,0.75,12,0.75,4,0.25
-87.623,41.8755,3645,0,0.0,2704,0.741838134430727,2704,0.741838134430727,941,0.25816186556927295,83,0,0.0,50,0.6024096385542169,50,0.6024096385542169,33,0.39759036144578314
-87.623,41.876,928,0,0.0,704,0.7586206896551724,704,0.7586206896551724,224,0.2413793103448276,32,0,0.0,21,0.65625,21,0.65625,11,0.34375
-87.623,41.878,625,0,0.0,449,0.7184,449,0.7184,176,0.2816,18,0,0.0,12,0.6666666666666666,12,0.6666666666666666,6,0.3333333333333333
-87.623,41.8805,414,0,0.0,87,0.21014492753623187,87,0.21014492753623187,327,0.7898550724637681,11,0,0.0,3,0.2727272727272727,3,0.2727272727272727,8,0.7272727272727273
-87.623,41.884,642,0,0.0,301,0.4688473520249221,301,0.4688473520249221,341,0.5311526479750779,22,0,0.0,10,0.45454545454545453,10,0.45454545454545453,12,0.5454545454545454
-87.623,41.8845,90,0,0.0,39,0.43333333333333335,39,0.43333333333333335,51,0.5666666666666667,3,0,0.0,1,0.3333333333333333,1,0.3333333333333333,2,0.6666666666666666
