grid_lat,grid_lon,total_sample,mw_sample,mw_ratio,sub6_sample,sub6_ratio,5g_sample,5g_sample,lte_sample,lte_ratio,total_cs_sample,mw_cs_sample,mw_cs_ratio,sub6_cs_sample,sub6_cs_ratio,5g_cs_sample,5g_cs_sample,lte_cs_sample,lte_cs_ratio
-87.632,41.8895,51,0,0.0,0,0.0,0,0.0,51,1.0,1,0,0.0,0,0.0,0,0.0,1,1.0
-87.632,41.8915,1462,0,0.0,84,0.057455540355677154,84,0.057455540355677154,1378,0.9425444596443229,15,0,0.0,1,0.06666666666666667,1,0.06666666666666667,14,0.9333333333333333
-87.632,41.892,789,0,0.0,111,0.14068441064638784,111,0.14068441064638784,678,0.8593155893536122,7,0,0.0,2,0.2857142857142857,2,0.2857142857142857,5,0.7142857142857143
-87.632,41.893,83,0,0.0,83,1.0,83,1.0,0,0.0,1,0,0.0,1,1.0,1,1.0,0,0.0
-87.632,41.8935,9,0,0.0,9,1.0,9,1.0,0,0.0,1,0,0.0,1,1.0,1,1.0,0,0.0
-87.632,41.894,42,0,0.0,42,1.0,42,1.0,0,0.0,1,0,0.0,1,1.0,1,1.0,0,0.0
-87.632,41.8945,292,0,0.0,286,0.9794520547945206,286,0.9794520547945206,6,0.02054794520547945,5,0,0.0,4,0.8,4,0.8,1,0.2
-87.632,41.8955,91,0,0.0,90,0.989010989010989,90,0.989010989010989,1,0.01098901098901099,2,0,0.0,1,0.5,1,0.5,1,0.5
-87.632,41.8965,327,0,0.0,258,0.7889908256880734,258,0.7889908256880734,69,0.21100917431192662,10,0,0.0,5,0.5,5,0.5,5,0.5
-87.632,41.899,121,0,0.0,104,0.859504132231405,104,0.859504132231405,17,0.14049586776859505,8,0,0.0,5,0.625,5,0.625,3,0.375
-87.6315,41.8895,80,0,0.0,0,0.0,0,0.0,80,1.0,2,0,0.0,0,0.0,0,0.0,2,1.0
-87.6315,41.89,299,0,0.0,0,0.0,0,0.0,299,1.0,5,0,0.0,0,0.0,0,0.0,5,1.0
-87.6315,41.8915,1267,0,0.0,86,0.06787687450670876,86,0.06787687450670876,1181,0.9321231254932912,17,0,0.0,2,0.11764705882352941,2,0.11764705882352941,15,0.8823529411764706
-87.6315,41.892,3681,0,0.0,725,0.1969573485465906,725,0.1969573485465906,2956,0.8030426514534094,12,0,0.0,5,0.4166666666666667,5,0.4166666666666667,7,0.5833333333333334
-87.6315,41.893,50,0,0.0,50,1.0,50,1.0,0,0.0,1,0,0.0,1,1.0,1,1.0,0,0.0
-87.6315,41.894,85,0,0.0,85,1.0,85,1.0,0,0.0,1,0,0.0,1,1.0,1,1.0,0,0.0
-87.6315,41.8945,333,0,0.0,333,1.0,333,1.0,0,0.0,1,0,0.0,1,1.0,1,1.0,0,0.0
-87.6315,41.8955,372,0,0.0,357,0.9596774193548387,357,0.9596774193548387,15,0.04032258064516129,8,0,0.0,6,0.75,6,0.75,2,0.25
-87.6315,41.8965,432,0,0.0,190,0.4398148148148148,190,0.4398148148148148,242,0.5601851851851852,14,0,0.0,9,0.6428571428571429,9,0.6428571428571429,5,0.35714285714285715
-87.6315,41.899,101,0,0.0,101,1.0,101,1.0,0,0.0,3,0,0.0,3,1.0,3,1.0,0,0.0
-87.631,41.8895,97,0,0.0,0,0.0,0,0.0,97,1.0,1,0,0.0,0,0.0,0,0.0,1,1.0
-87.631,41.8915,700,0,0.0,304,0.4342857142857143,304,0.4342857142857143,396,0.5657142857142857,7,0,0.0,2,0.2857142857142857,2,0.2857142857142857,5,0.7142857142857143
-87.631,41.892,1092,0,0.0,327,0.29945054945054944,327,0.29945054945054944,765,0.7005494505494505,8,0,0.0,4,0.5,4,0.5,4,0.5
-87.631,41.8925,703,0,0.0,699,0.9943100995732574,699,0.9943100995732574,4,0.005689900426742532,4,0,0.0,3,0.75,3,0.75,1,0.25
-87.631,41.893,315,0,0.0,307,0.9746031746031746,307,0.9746031746031746,8,0.025396825396825397,11,0,0.0,9,0.8181818181818182,9,0.8181818181818182,2,0.18181818181818182
-87.631,41.8935,192,0,0.0,187,0.9739583333333334,187,0.9739583333333334,5,0.026041666666666668,6,0,0.0,5,0.8333333333333334,5,0.8333333333333334,1,0.16666666666666666
-87.631,41.894,544,0,0.0,544,1.0,544,1.0,0,0.0,4,0,0.0,4,1.0,4,1.0,0,0.0
-87.631,41.8945,802,0,0.0,784,0.9775561097256857,784,0.9775561097256857,18,0.022443890274314215,12,0,0.0,9,0.75,9,0.75,3,0.25
-87.631,41.895,250,0,0.0,250,1.0,250,1.0,0,0.0,1,0,0.0,1,1.0,1,1.0,0,0.0
-87.631,41.8955,370,0,0.0,340,0.918918918918919,340,0.918918918918919,30,0.08108108108108109,11,0,0.0,7,0.6363636363636364,7,0.6363636363636364,4,0.36363636363636365
-87.631,41.896,172,0,0.0,155,0.9011627906976745,155,0.9011627906976745,17,0.09883720930232558,12,0,0.0,9,0.75,9,0.75,3,0.25
-87.631,41.8965,800,0,0.0,483,0.60375,483,0.60375,317,0.39625,12,0,0.0,10,0.8333333333333334,10,0.8333333333333334,2,0.16666666666666666
-87.631,41.897,321,0,0.0,321,1.0,321,1.0,0,0.0,1,0,0.0,1,1.0,1,1.0,0,0.0
-87.631,41.898,172,0,0.0,172,1.0,172,1.0,0,0.0,1,0,0.0,1,1.0,1,1.0,0,0.0
-87.631,41.8985,114,0,0.0,114,1.0,114,1.0,0,0.0,1,0,0.0,1,1.0,1,1.0,0,0.0
-87.631,41.899,202,0,0.0,192,0.9504950495049505,192,0.9504950495049505,10,0.04950495049504951,8,0,0.0,6,0.75,6,0.75,2,0.25
-87.631,41.8995,337,0,0.0,323,0.9584569732937686,323,0.9584569732937686,14,0.04154302670623145,16,0,0.0,13,0.8125,13,0.8125,3,0.1875
-87.631,41.9,195,0,0.0,195,1.0,195,1.0,0,0.0,1,0,0.0,1,1.0,1,1.0,0,0.0
-87.6305,41.8895,51,0,0.0,0,0.0,0,0.0,51,1.0,1,0,0.0,0,0.0,0,0.0,1,1.0
-87.6305,41.89,17,0,0.0,0,0.0,0,0.0,17,1.0,1,0,0.0,0,0.0,0,0.0,1,1.0
-87.6305,41.8915,2462,0,0.0,0,0.0,0,0.0,2462,1.0,7,0,0.0,0,0.0,0,0.0,7,1.0
-87.6305,41.892,847,0,0.0,294,0.34710743801652894,294,0.34710743801652894,553,0.6528925619834711,7,0,0.0,4,0.5714285714285714,4,0.5714285714285714,3,0.42857142857142855
-87.6305,41.893,829,0,0.0,637,0.7683956574185766,637,0.7683956574185766,192,0.2316043425814234,7,0,0.0,4,0.5714285714285714,4,0.5714285714285714,3,0.42857142857142855
-87.6305,41.894,52,0,0.0,42,0.8076923076923077,42,0.8076923076923077,10,0.19230769230769232,5,0,0.0,3,0.6,3,0.6,2,0.4
-87.6305,41.8945,532,0,0.0,524,0.9849624060150376,524,0.9849624060150376,8,0.015037593984962405,3,0,0.0,2,0.6666666666666666,2,0.6666666666666666,1,0.3333333333333333
-87.6305,41.8955,117,0,0.0,117,1.0,117,1.0,0,0.0,1,0,0.0,1,1.0,1,1.0,0,0.0
-87.6305,41.8965,712,0,0.0,318,0.44662921348314605,318,0.44662921348314605,394,0.5533707865168539,9,0,0.0,5,0.5555555555555556,5,0.5555555555555556,4,0.4444444444444444
-87.6305,41.8995,64,0,0.0,64,1.0,64,1.0,0,0.0,1,0,0.0,1,1.0,1,1.0,0,0.0
-87.63,41.89,69,0,0.0,0,0.0,0,0.0,69,1.0,1,0,0.0,0,0.0,0,0.0,1,1.0
-87.63,41.8915,355,0,0.0,0,0.0,0,0.0,355,1.0,8,0,0.0,0,0.0,0,0.0,8,1.0
-87.63,41.892,2822,0,0.0,831,0.2944720056697378,831,0.2944720056697378,1991,0.7055279943302623,24,0,0.0,9,0.375,9,0.375,15,0.625
-87.63,41.893,127,0,0.0,86,0.6771653543307087,86,0.6771653543307087,41,0.3228346456692913,3,0,0.0,2,0.6666666666666666,2,0.6666666666666666,1,0.3333333333333333
-87.63,41.894,227,0,0.0,222,0.9779735682819384,222,0.9779735682819384,5,0.022026431718061675,3,0,0.0,2,0.6666666666666666,2,0.6666666666666666,1,0.3333333333333333
-87.63,41.8945,317,0,0.0,310,0.9779179810725552,310,0.9779179810725552,7,0.022082018927444796,3,0,0.0,2,0.6666666666666666,2,0.6666666666666666,1,0.3333333333333333
-87.63,41.8955,969,0,0.0,959,0.9896800825593395,959,0.9896800825593395,10,0.010319917440660475,5,0,0.0,3,0.6,3,0.6,2,0.4
-87.63,41.8965,338,0,0.0,152,0.44970414201183434,152,0.44970414201183434,186,0.5502958579881657,4,0,0.0,3,0.75,3,0.75,1,0.25
-87.63,41.8995,57,0,0.0,51,0.8947368421052632,51,0.8947368421052632,6,0.10526315789473684,3,0,0.0,2,0.6666666666666666,2,0.6666666666666666,1,0.3333333333333333
-87.6295,41.8895,35,0,0.0,0,0.0,0,0.0,35,1.0,1,0,0.0,0,0.0,0,0.0,1,1.0
-87.6295,41.89,21,0,0.0,0,0.0,0,0.0,21,1.0,1,0,0.0,0,0.0,0,0.0,1,1.0
-87.6295,41.8915,408,0,0.0,0,0.0,0,0.0,408,1.0,8,0,0.0,0,0.0,0,0.0,8,1.0
-87.6295,41.892,1118,0,0.0,779,0.6967799642218246,779,0.6967799642218246,339,0.3032200357781753,7,0,0.0,3,0.42857142857142855,3,0.42857142857142855,4,0.5714285714285714
-87.6295,41.893,126,0,0.0,85,0.6746031746031746,85,0.6746031746031746,41,0.3253968253968254,4,0,0.0,2,0.5,2,0.5,2,0.5
-87.6295,41.894,62,0,0.0,52,0.8387096774193549,52,0.8387096774193549,10,0.16129032258064516,3,0,0.0,2,0.6666666666666666,2,0.6666666666666666,1,0.3333333333333333
-87.6295,41.8945,359,0,0.0,359,1.0,359,1.0,0,0.0,1,0,0.0,1,1.0,1,1.0,0,0.0
-87.6295,41.895,217,0,0.0,214,0.9861751152073732,214,0.9861751152073732,3,0.013824884792626729,3,0,0.0,2,0.6666666666666666,2,0.6666666666666666,1,0.3333333333333333
-87.6295,41.8955,197,0,0.0,172,0.8730964467005076,172,0.8730964467005076,25,0.12690355329949238,9,0,0.0,6,0.6666666666666666,6,0.6666666666666666,3,0.3333333333333333
-87.6295,41.896,577,0,0.0,573,0.9930675909878682,573,0.9930675909878682,4,0.006932409012131715,3,0,0.0,2,0.6666666666666666,2,0.6666666666666666,1,0.3333333333333333
-87.6295,41.8965,735,0,0.0,629,0.85578231292517,629,0.85578231292517,106,0.14421768707482993,15,0,0.0,8,0.5333333333333333,8,0.5333333333333333,7,0.4666666666666667
-87.6295,41.897,68,0,0.0,60,0.8823529411764706,60,0.8823529411764706,8,0.11764705882352941,3,0,0.0,2,0.6666666666666666,2,0.6666666666666666,1,0.3333333333333333
-87.6295,41.8995,78,0,0.0,71,0.9102564102564102,71,0.9102564102564102,7,0.08974358974358974,3,0,0.0,2,0.6666666666666666,2,0.6666666666666666,1,0.3333333333333333
-87.6295,41.9,37,0,0.0,37,1.0,37,1.0,0,0.0,2,0,0.0,2,1.0,2,1.0,0,0.0
-87.629,41.89,44,0,0.0,0,0.0,0,0.0,44,1.0,2,0,0.0,0,0.0,0,0.0,2,1.0
-87.629,41.8915,632,0,0.0,0,0.0,0,0.0,632,1.0,7,0,0.0,0,0.0,0,0.0,7,1.0
-87.629,41.892,868,0,0.0,350,0.4032258064516129,350,0.4032258064516129,518,0.5967741935483871,18,0,0.0,9,0.5,9,0.5,9,0.5
-87.629,41.8925,45,0,0.0,45,1.0,45,1.0,0,0.0,2,0,0.0,2,1.0,2,1.0,0,0.0
-87.629,41.893,126,0,0.0,79,0.626984126984127,79,0.626984126984127,47,0.373015873015873,6,0,0.0,3,0.5,3,0.5,3,0.5
-87.629,41.894,53,0,0.0,43,0.8113207547169812,43,0.8113207547169812,10,0.18867924528301888,3,0,0.0,2,0.6666666666666666,2,0.6666666666666666,1,0.3333333333333333
-87.629,41.8945,248,0,0.0,222,0.8951612903225806,222,0.8951612903225806,26,0.10483870967741936,9,0,0.0,6,0.6666666666666666,6,0.6666666666666666,3,0.3333333333333333
-87.629,41.8955,176,0,0.0,167,0.9488636363636364,167,0.9488636363636364,9,0.05113636363636364,6,0,0.0,4,0.6666666666666666,4,0.6666666666666666,2,0.3333333333333333
-87.629,41.8965,539,0,0.0,49,0.09090909090909091,49,0.09090909090909091,490,0.9090909090909091,6,0,0.0,2,0.3333333333333333,2,0.3333333333333333,4,0.6666666666666666
-87.629,41.9,52,0,0.0,52,1.0,52,1.0,0,0.0,1,0,0.0,1,1.0,1,1.0,0,0.0
-87.6285,41.89,44,0,0.0,0,0.0,0,0.0,44,1.0,1,0,0.0,0,0.0,0,0.0,1,1.0
-87.6285,41.8915,333,0,0.0,0,0.0,0,0.0,333,1.0,4,0,0.0,0,0.0,0,0.0,4,1.0
-87.6285,41.892,1251,0,0.0,858,0.6858513189448441,858,0.6858513189448441,393,0.31414868105515587,14,0,0.0,8,0.5714285714285714,8,0.5714285714285714,6,0.42857142857142855
-87.6285,41.8925,69,0,0.0,60,0.8695652173913043,60,0.8695652173913043,9,0.13043478260869565,4,0,0.0,3,0.75,3,0.75,1,0.25
-87.6285,41.893,116,0,0.0,71,0.6120689655172413,71,0.6120689655172413,45,0.3879310344827586,5,0,0.0,3,0.6,3,0.6,2,0.4
-87.6285,41.894,98,0,0.0,98,1.0,98,1.0,0,0.0,2,0,0.0,2,1.0,2,1.0,0,0.0
-87.6285,41.8945,143,0,0.0,143,1.0,143,1.0,0,0.0,2,0,0.0,2,1.0,2,1.0,0,0.0
-87.6285,41.8955,401,0,0.0,401,1.0,401,1.0,0,0.0,2,0,0.0,2,1.0,2,1.0,0,0.0
-87.6285,41.8965,318,0,0.0,264,0.8301886792452831,264,0.8301886792452831,54,0.16981132075471697,2,0,0.0,1,0.5,1,0.5,1,0.5
-87.6285,41.9,54,0,0.0,54,1.0,54,1.0,0,0.0,1,0,0.0,1,1.0,1,1.0,0,0.0
-87.628,41.89,132,0,0.0,0,0.0,0,0.0,132,1.0,2,0,0.0,0,0.0,0,0.0,2,1.0
-87.628,41.8915,469,0,0.0,156,0.3326226012793177,156,0.3326226012793177,313,0.6673773987206824,6,0,0.0,2,0.3333333333333333,2,0.3333333333333333,4,0.6666666666666666
-87.628,41.892,1241,0,0.0,382,0.30781627719580984,382,0.30781627719580984,859,0.6921837228041902,15,0,0.0,5,0.3333333333333333,5,0.3333333333333333,10,0.6666666666666666
-87.628,41.8925,2943,0,0.0,951,0.32313965341488277,951,0.32313965341488277,1992,0.6768603465851172,13,0,0.0,8,0.6153846153846154,8,0.6153846153846154,5,0.38461538461538464
-87.628,41.893,2657,0,0.0,1462,0.5502446368084306,1462,0.5502446368084306,1195,0.44975536319156945,21,0,0.0,8,0.38095238095238093,8,0.38095238095238093,13,0.6190476190476191
-87.628,41.8935,1877,0,0.0,365,0.19445924347362814,365,0.19445924347362814,1512,0.8055407565263719,13,0,0.0,5,0.38461538461538464,5,0.38461538461538464,8,0.6153846153846154
-87.628,41.894,6377,0,0.0,580,0.09095185824055198,580,0.09095185824055198,5797,0.909048141759448,25,0,0.0,8,0.32,8,0.32,17,0.68
-87.628,41.8945,3574,0,0.0,745,0.20844991606043647,745,0.20844991606043647,2829,0.7915500839395635,15,0,0.0,9,0.6,9,0.6,6,0.4
-87.628,41.895,2109,0,0.0,451,0.21384542437174017,451,0.21384542437174017,1658,0.7861545756282599,13,0,0.0,6,0.46153846153846156,6,0.46153846153846156,7,0.5384615384615384
-87.628,41.8955,1996,0,0.0,1136,0.5691382765531062,1136,0.5691382765531062,860,0.4308617234468938,13,0,0.0,8,0.6153846153846154,8,0.6153846153846154,5,0.38461538461538464
-87.628,41.896,264,0,0.0,252,0.9545454545454546,252,0.9545454545454546,12,0.045454545454545456,7,0,0.0,5,0.7142857142857143,5,0.7142857142857143,2,0.2857142857142857
-87.628,41.8965,744,0,0.0,671,0.9018817204301075,671,0.9018817204301075,73,0.09811827956989247,10,0,0.0,6,0.6,6,0.6,4,0.4
-87.628,41.897,498,0,0.0,475,0.9538152610441767,475,0.9538152610441767,23,0.04618473895582329,8,0,0.0,5,0.625,5,0.625,3,0.375
-87.628,41.898,764,0,0.0,764,1.0,764,1.0,0,0.0,2,0,0.0,2,1.0,2,1.0,0,0.0
-87.628,41.8985,86,0,0.0,86,1.0,86,1.0,0,0.0,1,0,0.0,1,1.0,1,1.0,0,0.0
-87.628,41.899,90,0,0.0,86,0.9555555555555556,86,0.9555555555555556,4,0.044444444444444446,2,0,0.0,1,0.5,1,0.5,1,0.5
-87.628,41.8995,72,0,0.0,72,1.0,72,1.0,0,0.0,1,0,0.0,1,1.0,1,1.0,0,0.0
-87.628,41.9,852,0,0.0,847,0.994131455399061,847,0.994131455399061,5,0.005868544600938967,4,0,0.0,3,0.75,3,0.75,1,0.25
-87.6275,41.89,49,0,0.0,0,0.0,0,0.0,49,1.0,1,0,0.0,0,0.0,0,0.0,1,1.0
-87.6275,41.8915,2107,0,0.0,404,0.19174181300427148,404,0.19174181300427148,1703,0.8082581869957285,10,0,0.0,1,0.1,1,0.1,9,0.9
-87.6275,41.892,272,0,0.0,272,1.0,272,1.0,0,0.0,3,0,0.0,3,1.0,3,1.0,0,0.0
-87.6275,41.8925,22,0,0.0,22,1.0,22,1.0,0,0.0,1,0,0.0,1,1.0,1,1.0,0,0.0
-87.6275,41.893,132,0,0.0,83,0.6287878787878788,83,0.6287878787878788,49,0.3712121212121212,4,0,0.0,2,0.5,2,0.5,2,0.5
-87.6275,41.894,69,0,0.0,69,1.0,69,1.0,0,0.0,1,0,0.0,1,1.0,1,1.0,0,0.0
-87.6275,41.8945,208,0,0.0,208,1.0,208,1.0,0,0.0,2,0,0.0,2,1.0,2,1.0,0,0.0
-87.6275,41.8955,983,0,0.0,47,0.04781281790437437,47,0.04781281790437437,936,0.9521871820956256,6,0,0.0,1,0.16666666666666666,1,0.16666666666666666,5,0.8333333333333334
-87.6275,41.8965,207,0,0.0,160,0.7729468599033816,160,0.7729468599033816,47,0.22705314009661837,2,0,0.0,1,0.5,1,0.5,1,0.5
-87.627,41.89,2358,0,0.0,2265,0.960559796437659,2265,0.960559796437659,93,0.039440203562340966,24,0,0.0,13,0.5416666666666666,13,0.5416666666666666,11,0.4583333333333333
-87.627,41.8915,837,0,0.0,58,0.06929510155316607,58,0.06929510155316607,779,0.9307048984468339,6,0,0.0,1,0.16666666666666666,1,0.16666666666666666,5,0.8333333333333334
-87.627,41.892,653,0,0.0,633,0.9693721286370597,633,0.9693721286370597,20,0.030627871362940276,13,0,0.0,9,0.6923076923076923,9,0.6923076923076923,4,0.3076923076923077
-87.627,41.8925,16,0,0.0,16,1.0,16,1.0,0,0.0,1,0,0.0,1,1.0,1,1.0,0,0.0
-87.627,41.893,103,0,0.0,48,0.46601941747572817,48,0.46601941747572817,55,0.5339805825242718,2,0,0.0,1,0.5,1,0.5,1,0.5
-87.627,41.894,108,0,0.0,108,1.0,108,1.0,0,0.0,2,0,0.0,2,1.0,2,1.0,0,0.0
-87.627,41.8945,96,0,0.0,78,0.8125,78,0.8125,18,0.1875,6,0,0.0,4,0.6666666666666666,4,0.6666666666666666,2,0.3333333333333333
-87.627,41.8955,2341,0,0.0,72,0.030756087142246903,72,0.030756087142246903,2269,0.9692439128577531,14,0,0.0,3,0.21428571428571427,3,0.21428571428571427,11,0.7857142857142857
-87.627,41.8965,557,0,0.0,78,0.1400359066427289,78,0.1400359066427289,479,0.8599640933572711,6,0,0.0,3,0.5,3,0.5,3,0.5
-87.6265,41.89,215,0,0.0,145,0.6744186046511628,145,0.6744186046511628,70,0.32558139534883723,4,0,0.0,2,0.5,2,0.5,2,0.5
-87.6265,41.8915,1000,0,0.0,42,0.042,42,0.042,958,0.958,9,0,0.0,3,0.3333333333333333,3,0.3333333333333333,6,0.6666666666666666
-87.6265,41.892,791,0,0.0,276,0.34892541087231355,276,0.34892541087231355,515,0.6510745891276865,8,0,0.0,3,0.375,3,0.375,5,0.625
-87.6265,41.8925,610,0,0.0,244,0.4,244,0.4,366,0.6,6,0,0.0,4,0.6666666666666666,4,0.6666666666666666,2,0.3333333333333333
-87.6265,41.893,923,0,0.0,677,0.733477789815818,677,0.733477789815818,246,0.26652221018418204,14,0,0.0,8,0.5714285714285714,8,0.5714285714285714,6,0.42857142857142855
-87.6265,41.8935,616,0,0.0,602,0.9772727272727273,602,0.9772727272727273,14,0.022727272727272728,10,0,0.0,6,0.6,6,0.6,4,0.4
-87.6265,41.894,433,0,0.0,433,1.0,433,1.0,0,0.0,4,0,0.0,4,1.0,4,1.0,0,0.0
-87.6265,41.8945,708,0,0.0,702,0.9915254237288136,702,0.9915254237288136,6,0.00847457627118644,6,0,0.0,4,0.6666666666666666,4,0.6666666666666666,2,0.3333333333333333
-87.6265,41.895,349,0,0.0,349,1.0,349,1.0,0,0.0,3,0,0.0,3,1.0,3,1.0,0,0.0
-87.6265,41.8955,1771,0,0.0,322,0.18181818181818182,322,0.18181818181818182,1449,0.8181818181818182,25,0,0.0,8,0.32,8,0.32,17,0.68
-87.6265,41.896,61,0,0.0,58,0.9508196721311475,58,0.9508196721311475,3,0.04918032786885246,4,0,0.0,3,0.75,3,0.75,1,0.25
-87.6265,41.8965,490,0,0.0,424,0.8653061224489796,424,0.8653061224489796,66,0.1346938775510204,12,0,0.0,8,0.6666666666666666,8,0.6666666666666666,4,0.3333333333333333
-87.6265,41.897,275,0,0.0,258,0.9381818181818182,258,0.9381818181818182,17,0.06181818181818182,10,0,0.0,6,0.6,6,0.6,4,0.4
-87.626,41.89,107,0,0.0,58,0.5420560747663551,58,0.5420560747663551,49,0.45794392523364486,7,0,0.0,3,0.42857142857142855,3,0.42857142857142855,4,0.5714285714285714
-87.626,41.8915,1450,0,0.0,54,0.037241379310344824,54,0.037241379310344824,1396,0.9627586206896551,7,0,0.0,1,0.14285714285714285,1,0.14285714285714285,6,0.8571428571428571
-87.626,41.892,70,0,0.0,70,1.0,70,1.0,0,0.0,1,0,0.0,1,1.0,1,1.0,0,0.0
-87.626,41.8925,95,0,0.0,57,0.6,57,0.6,38,0.4,4,0,0.0,2,0.5,2,0.5,2,0.5
-87.626,41.893,51,0,0.0,51,1.0,51,1.0,0,0.0,1,0,0.0,1,1.0,1,1.0,0,0.0
-87.626,41.894,65,0,0.0,65,1.0,65,1.0,0,0.0,1,0,0.0,1,1.0,1,1.0,0,0.0
-87.626,41.8945,106,0,0.0,104,0.9811320754716981,104,0.9811320754716981,2,0.018867924528301886,4,0,0.0,2,0.5,2,0.5,2,0.5
-87.626,41.8955,560,0,0.0,94,0.16785714285714284,94,0.16785714285714284,466,0.8321428571428572,12,0,0.0,4,0.3333333333333333,4,0.3333333333333333,8,0.6666666666666666
-87.626,41.8965,473,0,0.0,425,0.8985200845665962,425,0.8985200845665962,48,0.1014799154334038,6,0,0.0,4,0.6666666666666666,4,0.6666666666666666,2,0.3333333333333333
-87.6255,41.89,144,0,0.0,56,0.3888888888888889,56,0.3888888888888889,88,0.6111111111111112,4,0,0.0,1,0.25,1,0.25,3,0.75
-87.6255,41.891,17,0,0.0,17,1.0,17,1.0,0,0.0,1,0,0.0,1,1.0,1,1.0,0,0.0
-87.6255,41.8915,1348,0,0.0,394,0.2922848664688427,394,0.2922848664688427,954,0.7077151335311572,9,0,0.0,3,0.3333333333333333,3,0.3333333333333333,6,0.6666666666666666
-87.6255,41.892,139,0,0.0,136,0.9784172661870504,136,0.9784172661870504,3,0.02158273381294964,4,0,0.0,3,0.75,3,0.75,1,0.25
-87.6255,41.8925,378,0,0.0,341,0.9021164021164021,341,0.9021164021164021,37,0.09788359788359788,2,0,0.0,1,0.5,1,0.5,1,0.5
-87.6255,41.893,51,0,0.0,51,1.0,51,1.0,0,0.0,2,0,0.0,2,1.0,2,1.0,0,0.0
-87.6255,41.894,210,0,0.0,201,0.9571428571428572,201,0.9571428571428572,9,0.04285714285714286,3,0,0.0,2,0.6666666666666666,2,0.6666666666666666,1,0.3333333333333333
-87.6255,41.8945,108,0,0.0,89,0.8240740740740741,89,0.8240740740740741,19,0.17592592592592593,7,0,0.0,4,0.5714285714285714,4,0.5714285714285714,3,0.42857142857142855
-87.6255,41.8955,3911,0,0.0,285,0.07287138839171567,285,0.07287138839171567,3626,0.9271286116082843,29,0,0.0,3,0.10344827586206896,3,0.10344827586206896,26,0.896551724137931
-87.6255,41.8965,190,0,0.0,149,0.7842105263157895,149,0.7842105263157895,41,0.21578947368421053,4,0,0.0,3,0.75,3,0.75,1,0.25
-87.625,41.891,666,0,0.0,0,0.0,0,0.0,666,1.0,6,0,0.0,0,0.0,0,0.0,6,1.0
-87.625,41.8915,2298,0,0.0,636,0.27676240208877284,636,0.27676240208877284,1662,0.7232375979112271,9,0,0.0,4,0.4444444444444444,4,0.4444444444444444,5,0.5555555555555556
-87.625,41.892,53,0,0.0,49,0.9245283018867925,49,0.9245283018867925,4,0.07547169811320754,3,0,0.0,2,0.6666666666666666,2,0.6666666666666666,1,0.3333333333333333
-87.625,41.8925,216,0,0.0,93,0.4305555555555556,93,0.4305555555555556,123,0.5694444444444444,6,0,0.0,3,0.5,3,0.5,3,0.5
-87.625,41.893,220,0,0.0,220,1.0,220,1.0,0,0.0,4,0,0.0,4,1.0,4,1.0,0,0.0
-87.625,41.894,64,0,0.0,64,1.0,64,1.0,0,0.0,1,0,0.0,1,1.0,1,1.0,0,0.0
-87.625,41.8945,345,0,0.0,338,0.9797101449275363,338,0.9797101449275363,7,0.020289855072463767,5,0,0.0,4,0.8,4,0.8,1,0.2
-87.625,41.895,72,0,0.0,39,0.5416666666666666,39,0.5416666666666666,33,0.4583333333333333,6,0,0.0,2,0.3333333333333333,2,0.3333333333333333,4,0.6666666666666666
-87.625,41.8955,3055,0,0.0,214,0.07004909983633388,214,0.07004909983633388,2841,0.9299509001636661,4,0,0.0,2,0.5,2,0.5,2,0.5
-87.625,41.896,578,0,0.0,575,0.9948096885813149,575,0.9948096885813149,3,0.005190311418685121,5,0,0.0,4,0.8,4,0.8,1,0.2
-87.625,41.8965,919,0,0.0,227,0.2470076169749728,227,0.2470076169749728,692,0.7529923830250272,6,0,0.0,3,0.5,3,0.5,3,0.5
-87.6245,41.8915,715,0,0.0,53,0.07412587412587412,53,0.07412587412587412,662,0.9258741258741259,9,0,0.0,2,0.2222222222222222,2,0.2222222222222222,7,0.7777777777777778
-87.6245,41.892,517,0,0.0,517,1.0,517,1.0,0,0.0,4,0,0.0,4,1.0,4,1.0,0,0.0
-87.6245,41.8925,908,0,0.0,828,0.9118942731277533,828,0.9118942731277533,80,0.0881057268722467,7,0,0.0,4,0.5714285714285714,4,0.5714285714285714,3,0.42857142857142855
-87.6245,41.893,53,0,0.0,48,0.9056603773584906,48,0.9056603773584906,5,0.09433962264150944,3,0,0.0,2,0.6666666666666666,2,0.6666666666666666,1,0.3333333333333333
-87.6245,41.894,58,0,0.0,58,1.0,58,1.0,0,0.0,1,0,0.0,1,1.0,1,1.0,0,0.0
-87.6245,41.8945,104,0,0.0,97,0.9326923076923077,97,0.9326923076923077,7,0.0673076923076923,6,0,0.0,4,0.6666666666666666,4,0.6666666666666666,2,0.3333333333333333
-87.6245,41.895,1059,0,0.0,1059,1.0,1059,1.0,0,0.0,1,0,0.0,1,1.0,1,1.0,0,0.0
-87.6245,41.8955,3713,0,0.0,1156,0.31133854026393754,1156,0.31133854026393754,2557,0.6886614597360625,11,0,0.0,3,0.2727272727272727,3,0.2727272727272727,8,0.7272727272727273
-87.6245,41.8965,148,0,0.0,49,0.3310810810810811,49,0.3310810810810811,99,0.668918918918919,3,0,0.0,1,0.3333333333333333,1,0.3333333333333333,2,0.6666666666666666
-87.624,41.891,6278,0,0.0,218,0.034724434533290854,218,0.034724434533290854,6060,0.9652755654667091,15,0,0.0,5,0.3333333333333333,5,0.3333333333333333,10,0.6666666666666666
-87.624,41.8915,1750,0,0.0,284,0.16228571428571428,284,0.16228571428571428,1466,0.8377142857142857,27,0,0.0,7,0.25925925925925924,7,0.25925925925925924,20,0.7407407407407407
-87.624,41.892,1083,0,0.0,500,0.4616805170821791,500,0.4616805170821791,583,0.5383194829178208,22,0,0.0,11,0.5,11,0.5,11,0.5
-87.624,41.8925,950,0,0.0,222,0.2336842105263158,222,0.2336842105263158,728,0.7663157894736842,23,0,0.0,9,0.391304347826087,9,0.391304347826087,14,0.6086956521739131
-87.624,41.893,2040,0,0.0,913,0.44754901960784316,913,0.44754901960784316,1127,0.5524509803921569,26,0,0.0,8,0.3076923076923077,8,0.3076923076923077,18,0.6923076923076923
-87.624,41.8935,3172,0,0.0,305,0.09615384615384616,305,0.09615384615384616,2867,0.9038461538461539,16,0,0.0,3,0.1875,3,0.1875,13,0.8125
-87.624,41.894,1324,0,0.0,335,0.25302114803625375,335,0.25302114803625375,989,0.7469788519637462,17,0,0.0,6,0.35294117647058826,6,0.35294117647058826,11,0.6470588235294118
-87.624,41.8945,2823,0,0.0,382,0.13531703861140632,382,0.13531703861140632,2441,0.8646829613885937,24,0,0.0,9,0.375,9,0.375,15,0.625
-87.624,41.895,3428,0,0.0,327,0.09539089848308051,327,0.09539089848308051,3101,0.9046091015169195,20,0,0.0,4,0.2,4,0.2,16,0.8
-87.624,41.8955,2886,0,0.0,685,0.23735273735273735,685,0.23735273735273735,2201,0.7626472626472627,21,0,0.0,6,0.2857142857142857,6,0.2857142857142857,15,0.7142857142857143
-87.624,41.896,4342,0,0.0,1556,0.3583602026715799,1556,0.3583602026715799,2786,0.6416397973284201,38,0,0.0,15,0.39473684210526316,15,0.39473684210526316,23,0.6052631578947368
-87.624,41.8965,2782,0,0.0,128,0.04601006470165349,128,0.04601006470165349,2654,0.9539899352983465,13,0,0.0,4,0.3076923076923077,4,0.3076923076923077,9,0.6923076923076923
-87.6235,41.891,907,0,0.0,0,0.0,0,0.0,907,1.0,1,0,0.0,0,0.0,0,0.0,1,1.0
-87.6235,41.8915,1273,0,0.0,40,0.031421838177533384,40,0.031421838177533384,1233,0.9685781618224666,12,0,0.0,1,0.08333333333333333,1,0.08333333333333333,11,0.9166666666666666
-87.6235,41.892,204,0,0.0,8,0.0392156862745098,8,0.0392156862745098,196,0.9607843137254902,3,0,0.0,1,0.3333333333333333,1,0.3333333333333333,2,0.6666666666666666
-87.6235,41.8925,217,0,0.0,165,0.7603686635944701,165,0.7603686635944701,52,0.23963133640552994,4,0,0.0,2,0.5,2,0.5,2,0.5
-87.6235,41.893,744,0,0.0,744,1.0,744,1.0,0,0.0,1,0,0.0,1,1.0,1,1.0,0,0.0
-87.6235,41.894,64,0,0.0,64,1.0,64,1.0,0,0.0,1,0,0.0,1,1.0,1,1.0,0,0.0
-87.6235,41.8945,219,0,0.0,210,0.958904109589041,210,0.958904109589041,9,0.0410958904109589,5,0,0.0,3,0.6,3,0.6,2,0.4
-87.6235,41.895,340,0,0.0,340,1.0,340,1.0,0,0.0,1,0,0.0,1,1.0,1,1.0,0,0.0
-87.6235,41.8955,540,0,0.0,105,0.19444444444444445,105,0.19444444444444445,435,0.8055555555555556,4,0,0.0,0,0.0,0,0.0,4,1.0
-87.623,41.8915,372,0,0.0,36,0.0967741935483871,36,0.0967741935483871,336,0.9032258064516129,10,0,0.0,2,0.2,2,0.2,8,0.8
-87.623,41.8925,579,0,0.0,379,0.6545768566493955,379,0.6545768566493955,200,0.3454231433506045,3,0,0.0,2,0.6666666666666666,2,0.6666666666666666,1,0.3333333333333333
-87.623,41.893,56,0,0.0,47,0.8392857142857143,47,0.8392857142857143,9,0.16071428571428573,3,0,0.0,2,0.6666666666666666,2,0.6666666666666666,1,0.3333333333333333
-87.623,41.894,275,0,0.0,275,1.0,275,1.0,0,0.0,2,0,0.0,2,1.0,2,1.0,0,0.0
-87.623,41.8945,475,0,0.0,321,0.6757894736842105,321,0.6757894736842105,154,0.32421052631578945,4,0,0.0,2,0.5,2,0.5,2,0.5
-87.623,41.895,90,0,0.0,90,1.0,90,1.0,0,0.0,2,0,0.0,2,1.0,2,1.0,0,0.0
-87.623,41.8955,1240,0,0.0,223,0.17983870967741936,223,0.17983870967741936,1017,0.8201612903225807,4,0,0.0,0,0.0,0,0.0,4,1.0
-87.6225,41.8915,896,0,0.0,75,0.08370535714285714,75,0.08370535714285714,821,0.9162946428571429,21,0,0.0,1,0.047619047619047616,1,0.047619047619047616,20,0.9523809523809523
-87.6225,41.892,892,0,0.0,0,0.0,0,0.0,892,1.0,2,0,0.0,0,0.0,0,0.0,2,1.0
-87.6225,41.8925,576,0,0.0,317,0.5503472222222222,317,0.5503472222222222,259,0.4496527777777778,11,0,0.0,6,0.5454545454545454,6,0.5454545454545454,5,0.45454545454545453
-87.6225,41.893,919,0,0.0,186,0.20239390642002175,186,0.20239390642002175,733,0.7976060935799782,8,0,0.0,4,0.5,4,0.5,4,0.5
-87.6225,41.8935,714,0,0.0,395,0.5532212885154062,395,0.5532212885154062,319,0.44677871148459386,15,0,0.0,8,0.5333333333333333,8,0.5333333333333333,7,0.4666666666666667
-87.6225,41.894,843,0,0.0,609,0.7224199288256228,609,0.7224199288256228,234,0.2775800711743772,13,0,0.0,5,0.38461538461538464,5,0.38461538461538464,8,0.6153846153846154
-87.6225,41.8945,5979,0,0.0,1061,0.17745442381669174,1061,0.17745442381669174,4918,0.8225455761833083,23,0,0.0,11,0.4782608695652174,11,0.4782608695652174,12,0.5217391304347826
-87.6225,41.895,753,0,0.0,596,0.7915006640106241,596,0.7915006640106241,157,0.20849933598937584,7,0,0.0,5,0.7142857142857143,5,0.7142857142857143,2,0.2857142857142857
-87.6225,41.8955,4146,0,0.0,2112,0.5094066570188133,2112,0.5094066570188133,2034,0.4905933429811867,15,0,0.0,5,0.3333333333333333,5,0.3333333333333333,10,0.6666666666666666
-87.622,41.8915,1482,0,0.0,271,0.18286099865047234,271,0.18286099865047234,1211,0.8171390013495277,28,0,0.0,2,0.07142857142857142,2,0.07142857142857142,26,0.9285714285714286
-87.622,41.8925,121,0,0.0,67,0.5537190082644629,67,0.5537190082644629,54,0.4462809917355372,2,0,0.0,1,0.5,1,0.5,1,0.5
-87.622,41.893,86,0,0.0,86,1.0,86,1.0,0,0.0,1,0,0.0,1,1.0,1,1.0,0,0.0
-87.622,41.894,219,0,0.0,219,1.0,219,1.0,0,0.0,1,0,0.0,1,1.0,1,1.0,0,0.0
-87.622,41.8945,6537,0,0.0,1261,0.19290194278721126,1261,0.19290194278721126,5276,0.8070980572127887,5,0,0.0,2,0.4,2,0.4,3,0.6
-87.622,41.895,56,0,0.0,56,1.0,56,1.0,0,0.0,2,0,0.0,2,1.0,2,1.0,0,0.0
-87.622,41.8955,5090,0,0.0,233,0.045776031434184676,233,0.045776031434184676,4857,0.9542239685658154,19,0,0.0,4,0.21052631578947367,4,0.21052631578947367,15,0.7894736842105263
-87.6215,41.8915,575,0,0.0,40,0.06956521739130435,40,0.06956521739130435,535,0.9304347826086956,11,0,0.0,1,0.09090909090909091,1,0.09090909090909091,10,0.9090909090909091
-87.6215,41.8925,102,0,0.0,55,0.5392156862745098,55,0.5392156862745098,47,0.46078431372549017,4,0,0.0,2,0.5,2,0.5,2,0.5
-87.6215,41.893,16,0,0.0,16,1.0,16,1.0,0,0.0,1,0,0.0,1,1.0,1,1.0,0,0.0
-87.6215,41.8935,63,0,0.0,63,1.0,63,1.0,0,0.0,1,0,0.0,1,1.0,1,1.0,0,0.0
-87.6215,41.894,1142,0,0.0,1142,1.0,1142,1.0,0,0.0,4,0,0.0,4,1.0,4,1.0,0,0.0
-87.6215,41.8945,1445,0,0.0,1364,0.9439446366782007,1364,0.9439446366782007,81,0.056055363321799306,3,0,0.0,2,0.6666666666666666,2,0.6666666666666666,1,0.3333333333333333
-87.6215,41.895,151,0,0.0,151,1.0,151,1.0,0,0.0,1,0,0.0,1,1.0,1,1.0,0,0.0
-87.6215,41.8955,1971,0,0.0,329,0.16692034500253677,329,0.16692034500253677,1642,0.8330796549974632,20,0,0.0,5,0.25,5,0.25,15,0.75
-87.621,41.8915,414,0,0.0,4,0.00966183574879227,4,0.00966183574879227,410,0.9903381642512077,12,0,0.0,1,0.08333333333333333,1,0.08333333333333333,11,0.9166666666666666
-87.621,41.8925,108,0,0.0,54,0.5,54,0.5,54,0.5,2,0,0.0,1,0.5,1,0.5,1,0.5
-87.621,41.8935,81,0,0.0,81,1.0,81,1.0,0,0.0,1,0,0.0,1,1.0,1,1.0,0,0.0
-87.621,41.894,1149,0,0.0,1145,0.9965187119234117,1145,0.9965187119234117,4,0.0034812880765883376,3,0,0.0,2,0.6666666666666666,2,0.6666666666666666,1,0.3333333333333333
-87.621,41.8945,192,0,0.0,85,0.4427083333333333,85,0.4427083333333333,107,0.5572916666666666,5,0,0.0,2,0.4,2,0.4,3,0.6
-87.621,41.895,1431,0,0.0,1421,0.9930118798043326,1421,0.9930118798043326,10,0.0069881201956673656,3,0,0.0,2,0.6666666666666666,2,0.6666666666666666,1,0.3333333333333333
-87.621,41.8955,2171,0,0.0,591,0.27222478120681715,591,0.27222478120681715,1580,0.7277752187931829,7,0,0.0,3,0.42857142857142855,3,0.42857142857142855,4,0.5714285714285714
-87.6205,41.891,8,0,0.0,8,1.0,8,1.0,0,0.0,1,0,0.0,1,1.0,1,1.0,0,0.0
-87.6205,41.8915,503,0,0.0,46,0.09145129224652088,46,0.09145129224652088,457,0.9085487077534792,10,0,0.0,1,0.1,1,0.1,9,0.9
-87.6205,41.892,72,0,0.0,0,0.0,0,0.0,72,1.0,1,0,0.0,0,0.0,0,0.0,1,1.0
-87.6205,41.8925,362,0,0.0,242,0.6685082872928176,242,0.6685082872928176,120,0.3314917127071823,6,0,0.0,2,0.3333333333333333,2,0.3333333333333333,4,0.6666666666666666
-87.6205,41.893,46,0,0.0,0,0.0,0,0.0,46,1.0,2,0,0.0,0,0.0,0,0.0,2,1.0
-87.6205,41.8935,377,0,0.0,67,0.17771883289124668,67,0.17771883289124668,310,0.8222811671087533,7,0,0.0,2,0.2857142857142857,2,0.2857142857142857,5,0.7142857142857143
-87.6205,41.894,815,0,0.0,815,1.0,815,1.0,0,0.0,1,0,0.0,1,1.0,1,1.0,0,0.0
-87.6205,41.8945,928,0,0.0,0,0.0,0,0.0,928,1.0,2,0,0.0,0,0.0,0,0.0,2,1.0
-87.6205,41.895,1220,0,0.0,1193,0.9778688524590164,1193,0.9778688524590164,27,0.022131147540983605,2,0,0.0,1,0.5,1,0.5,1,0.5
-87.6205,41.8955,4418,0,0.0,1241,0.2808963331824355,1241,0.2808963331824355,3177,0.7191036668175645,11,0,0.0,4,0.36363636363636365,4,0.36363636363636365,7,0.6363636363636364
-87.62,41.891,51,0,0.0,4,0.0784313725490196,4,0.0784313725490196,47,0.9215686274509803,3,0,0.0,1,0.3333333333333333,1,0.3333333333333333,2,0.6666666666666666
-87.62,41.8915,3107,0,0.0,271,0.08722240102993241,271,0.08722240102993241,2836,0.9127775989700676,16,0,0.0,2,0.125,2,0.125,14,0.875
-87.62,41.892,4928,0,0.0,921,0.18689123376623376,921,0.18689123376623376,4007,0.8131087662337663,22,0,0.0,1,0.045454545454545456,1,0.045454545454545456,21,0.9545454545454546
-87.62,41.8925,4652,0,0.0,84,0.018056749785038694,84,0.018056749785038694,4568,0.9819432502149613,8,0,0.0,1,0.125,1,0.125,7,0.875
-87.62,41.893,1492,0,0.0,51,0.03418230563002681,51,0.03418230563002681,1441,0.9658176943699732,10,0,0.0,3,0.3,3,0.3,7,0.7
-87.62,41.8935,10485,0,0.0,1033,0.09852169766332856,1033,0.09852169766332856,9452,0.9014783023366715,20,0,0.0,1,0.05,1,0.05,19,0.95
-87.62,41.894,2829,0,0.0,276,0.0975609756097561,276,0.0975609756097561,2553,0.9024390243902439,17,0,0.0,2,0.11764705882352941,2,0.11764705882352941,15,0.8823529411764706
-87.62,41.8945,2114,0,0.0,124,0.0586565752128666,124,0.0586565752128666,1990,0.9413434247871334,14,0,0.0,2,0.14285714285714285,2,0.14285714285714285,12,0.8571428571428571
-87.62,41.895,2407,0,0.0,298,0.12380556709597008,298,0.12380556709597008,2109,0.8761944329040299,13,0,0.0,3,0.23076923076923078,3,0.23076923076923078,10,0.7692307692307693
-87.62,41.8955,1676,0,0.0,227,0.13544152744630072,227,0.13544152744630072,1449,0.8645584725536993,8,0,0.0,2,0.25,2,0.25,6,0.75
