grid_lat,grid_lon,total_sample,mw_sample,mw_ratio,sub6_sample,sub6_ratio,5g_sample,5g_sample,lte_sample,lte_ratio,total_cs_sample,mw_cs_sample,mw_cs_ratio,sub6_cs_sample,sub6_cs_ratio,5g_cs_sample,5g_cs_sample,lte_cs_sample,lte_cs_ratio
-86.1665,39.7665,38,0,0.0,38,1.0,38,1.0,0,0.0,1,0,0.0,1,1.0,1,1.0,0,0.0
-86.1665,39.767,1402,0,0.0,1381,0.985021398002853,1381,0.985021398002853,21,0.014978601997146932,14,0,0.0,11,0.7857142857142857,11,0.7857142857142857,3,0.21428571428571427
-86.1665,39.7675,310,0,0.0,310,1.0,310,1.0,0,0.0,6,0,0.0,6,1.0,6,1.0,0,0.0
-86.1665,39.768,281,0,0.0,279,0.9928825622775801,279,0.9928825622775801,2,0.0071174377224199285,7,0,0.0,6,0.8571428571428571,6,0.8571428571428571,1,0.14285714285714285
-86.1665,39.7685,287,0,0.0,273,0.9512195121951219,273,0.9512195121951219,14,0.04878048780487805,9,0,0.0,6,0.6666666666666666,6,0.6666666666666666,3,0.3333333333333333
-86.1665,39.769,285,0,0.0,268,0.9403508771929825,268,0.9403508771929825,17,0.05964912280701754,9,0,0.0,7,0.7777777777777778,7,0.7777777777777778,2,0.2222222222222222
-86.1665,39.7695,327,0,0.0,298,0.9113149847094801,298,0.9113149847094801,29,0.08868501529051988,11,0,0.0,7,0.6363636363636364,7,0.6363636363636364,4,0.36363636363636365
-86.1665,39.77,1200,0,0.0,412,0.3433333333333333,412,0.3433333333333333,788,0.6566666666666666,8,0,0.0,6,0.75,6,0.75,2,0.25
-86.1665,39.7705,194,0,0.0,154,0.7938144329896907,154,0.7938144329896907,40,0.20618556701030927,4,0,0.0,3,0.75,3,0.75,1,0.25
-86.1665,39.771,361,0,0.0,320,0.8864265927977839,320,0.8864265927977839,41,0.11357340720221606,10,0,0.0,8,0.8,8,0.8,2,0.2
-86.1665,39.7715,1985,0,0.0,1724,0.8685138539042822,1724,0.8685138539042822,261,0.13148614609571788,16,0,0.0,10,0.625,10,0.625,6,0.375
-86.1665,39.772,1331,0,0.0,1197,0.8993238166791886,1197,0.8993238166791886,134,0.10067618332081142,22,0,0.0,14,0.6363636363636364,14,0.6363636363636364,8,0.36363636363636365
-86.1665,39.7725,823,0,0.0,714,0.8675577156743621,714,0.8675577156743621,109,0.1324422843256379,16,0,0.0,12,0.75,12,0.75,4,0.25
-86.1665,39.773,1037,0,0.0,894,0.8621022179363549,894,0.8621022179363549,143,0.13789778206364514,16,0,0.0,10,0.625,10,0.625,6,0.375
-86.1665,39.7735,1007,0,0.0,879,0.8728897715988083,879,0.8728897715988083,128,0.12711022840119166,21,0,0.0,14,0.6666666666666666,14,0.6666666666666666,7,0.3333333333333333
-86.1665,39.774,691,0,0.0,550,0.7959479015918958,550,0.7959479015918958,141,0.2040520984081042,15,0,0.0,11,0.7333333333333333,11,0.7333333333333333,4,0.26666666666666666
-86.1665,39.7745,490,0,0.0,435,0.8877551020408163,435,0.8877551020408163,55,0.11224489795918367,11,0,0.0,8,0.7272727272727273,8,0.7272727272727273,3,0.2727272727272727
-86.1665,39.775,856,0,0.0,749,0.875,749,0.875,107,0.125,14,0,0.0,9,0.6428571428571429,9,0.6428571428571429,5,0.35714285714285715
-86.1665,39.7755,1113,0,0.0,1029,0.9245283018867925,1029,0.9245283018867925,84,0.07547169811320754,14,0,0.0,12,0.8571428571428571,12,0.8571428571428571,2,0.14285714285714285
-86.1665,39.776,396,0,0.0,316,0.797979797979798,316,0.797979797979798,80,0.20202020202020202,11,0,0.0,8,0.7272727272727273,8,0.7272727272727273,3,0.2727272727272727
-86.1665,39.7765,231,0,0.0,193,0.8354978354978355,193,0.8354978354978355,38,0.1645021645021645,13,0,0.0,9,0.6923076923076923,9,0.6923076923076923,4,0.3076923076923077
-86.1665,39.777,81,0,0.0,76,0.9382716049382716,76,0.9382716049382716,5,0.06172839506172839,5,0,0.0,4,0.8,4,0.8,1,0.2
-86.166,39.767,203,0,0.0,194,0.9556650246305419,194,0.9556650246305419,9,0.04433497536945813,7,0,0.0,5,0.7142857142857143,5,0.7142857142857143,2,0.2857142857142857
-86.166,39.77,273,0,0.0,229,0.8388278388278388,229,0.8388278388278388,44,0.16117216117216118,4,0,0.0,3,0.75,3,0.75,1,0.25
-86.166,39.771,159,0,0.0,159,1.0,159,1.0,0,0.0,2,0,0.0,2,1.0,2,1.0,0,0.0
-86.166,39.774,2495,0,0.0,1654,0.6629258517034068,1654,0.6629258517034068,841,0.3370741482965932,12,0,0.0,7,0.5833333333333334,7,0.5833333333333334,5,0.4166666666666667
-86.1655,39.767,174,0,0.0,157,0.9022988505747126,157,0.9022988505747126,17,0.09770114942528736,8,0,0.0,5,0.625,5,0.625,3,0.375
-86.1655,39.77,219,0,0.0,186,0.8493150684931506,186,0.8493150684931506,33,0.1506849315068493,4,0,0.0,3,0.75,3,0.75,1,0.25
-86.1655,39.771,237,0,0.0,237,1.0,237,1.0,0,0.0,2,0,0.0,2,1.0,2,1.0,0,0.0
-86.1655,39.774,184,0,0.0,151,0.8206521739130435,151,0.8206521739130435,33,0.1793478260869565,3,0,0.0,2,0.6666666666666666,2,0.6666666666666666,1,0.3333333333333333
-86.165,39.767,174,0,0.0,156,0.896551724137931,156,0.896551724137931,18,0.10344827586206896,6,0,0.0,4,0.6666666666666666,4,0.6666666666666666,2,0.3333333333333333
-86.165,39.77,279,0,0.0,245,0.8781362007168458,245,0.8781362007168458,34,0.12186379928315412,5,0,0.0,4,0.8,4,0.8,1,0.2
-86.165,39.771,131,0,0.0,131,1.0,131,1.0,0,0.0,2,0,0.0,2,1.0,2,1.0,0,0.0
-86.165,39.774,186,0,0.0,145,0.7795698924731183,145,0.7795698924731183,41,0.22043010752688172,3,0,0.0,2,0.6666666666666666,2,0.6666666666666666,1,0.3333333333333333
-86.1645,39.767,1094,0,0.0,641,0.5859232175502742,641,0.5859232175502742,453,0.4140767824497258,10,0,0.0,8,0.8,8,0.8,2,0.2
-86.1645,39.77,253,0,0.0,202,0.7984189723320159,202,0.7984189723320159,51,0.2015810276679842,5,0,0.0,3,0.6,3,0.6,2,0.4
-86.1645,39.771,125,0,0.0,125,1.0,125,1.0,0,0.0,2,0,0.0,2,1.0,2,1.0,0,0.0
-86.1645,39.774,790,0,0.0,264,0.3341772151898734,264,0.3341772151898734,526,0.6658227848101266,3,0,0.0,2,0.6666666666666666,2,0.6666666666666666,1,0.3333333333333333
-86.164,39.767,202,0,0.0,193,0.9554455445544554,193,0.9554455445544554,9,0.04455445544554455,6,0,0.0,5,0.8333333333333334,5,0.8333333333333334,1,0.16666666666666666
-86.164,39.77,221,0,0.0,174,0.7873303167420814,174,0.7873303167420814,47,0.21266968325791855,3,0,0.0,2,0.6666666666666666,2,0.6666666666666666,1,0.3333333333333333
-86.164,39.771,138,0,0.0,138,1.0,138,1.0,0,0.0,2,0,0.0,2,1.0,2,1.0,0,0.0
-86.164,39.774,582,0,0.0,546,0.9381443298969072,546,0.9381443298969072,36,0.061855670103092786,7,0,0.0,5,0.7142857142857143,5,0.7142857142857143,2,0.2857142857142857
-86.1635,39.767,202,0,0.0,197,0.9752475247524752,197,0.9752475247524752,5,0.024752475247524754,6,0,0.0,5,0.8333333333333334,5,0.8333333333333334,1,0.16666666666666666
-86.1635,39.77,553,0,0.0,503,0.9095840867992767,503,0.9095840867992767,50,0.09041591320072333,8,0,0.0,5,0.625,5,0.625,3,0.375
-86.1635,39.771,689,0,0.0,689,1.0,689,1.0,0,0.0,2,0,0.0,2,1.0,2,1.0,0,0.0
-86.1635,39.774,650,0,0.0,580,0.8923076923076924,580,0.8923076923076924,70,0.1076923076923077,17,0,0.0,10,0.5882352941176471,10,0.5882352941176471,7,0.4117647058823529
-86.163,39.767,265,0,0.0,261,0.9849056603773585,261,0.9849056603773585,4,0.01509433962264151,10,0,0.0,9,0.9,9,0.9,1,0.1
-86.163,39.7695,50,0,0.0,50,1.0,50,1.0,0,0.0,2,0,0.0,2,1.0,2,1.0,0,0.0
-86.163,39.77,2903,0,0.0,2856,0.9838098518773682,2856,0.9838098518773682,47,0.01619014812263176,6,0,0.0,5,0.8333333333333334,5,0.8333333333333334,1,0.16666666666666666
-86.163,39.7705,107,0,0.0,107,1.0,107,1.0,0,0.0,2,0,0.0,2,1.0,2,1.0,0,0.0
-86.163,39.771,371,0,0.0,371,1.0,371,1.0,0,0.0,4,0,0.0,4,1.0,4,1.0,0,0.0
-86.163,39.7715,620,0,0.0,585,0.9435483870967742,585,0.9435483870967742,35,0.056451612903225805,8,0,0.0,7,0.875,7,0.875,1,0.125
-86.163,39.772,180,0,0.0,174,0.9666666666666667,174,0.9666666666666667,6,0.03333333333333333,4,0,0.0,3,0.75,3,0.75,1,0.25
-86.163,39.7725,294,0,0.0,294,1.0,294,1.0,0,0.0,3,0,0.0,3,1.0,3,1.0,0,0.0
-86.163,39.773,619,0,0.0,615,0.9935379644588045,615,0.9935379644588045,4,0.006462035541195477,6,0,0.0,5,0.8333333333333334,5,0.8333333333333334,1,0.16666666666666666
-86.163,39.7735,173,0,0.0,173,1.0,173,1.0,0,0.0,3,0,0.0,3,1.0,3,1.0,0,0.0
-86.163,39.774,414,0,0.0,355,0.857487922705314,355,0.857487922705314,59,0.14251207729468598,18,0,0.0,12,0.6666666666666666,12,0.6666666666666666,6,0.3333333333333333
-86.163,39.7745,106,0,0.0,106,1.0,106,1.0,0,0.0,2,0,0.0,2,1.0,2,1.0,0,0.0
-86.163,39.775,118,0,0.0,118,1.0,118,1.0,0,0.0,2,0,0.0,2,1.0,2,1.0,0,0.0
-86.163,39.7755,523,0,0.0,518,0.9904397705544933,518,0.9904397705544933,5,0.009560229445506692,3,0,0.0,2,0.6666666666666666,2,0.6666666666666666,1,0.3333333333333333
-86.163,39.776,102,0,0.0,102,1.0,102,1.0,0,0.0,1,0,0.0,1,1.0,1,1.0,0,0.0
-86.163,39.7765,111,0,0.0,111,1.0,111,1.0,0,0.0,1,0,0.0,1,1.0,1,1.0,0,0.0
-86.163,39.777,111,0,0.0,111,1.0,111,1.0,0,0.0,1,0,0.0,1,1.0,1,1.0,0,0.0
-86.163,39.7775,120,0,0.0,120,1.0,120,1.0,0,0.0,1,0,0.0,1,1.0,1,1.0,0,0.0
-86.1625,39.767,260,0,0.0,260,1.0,260,1.0,0,0.0,9,0,0.0,9,1.0,9,1.0,0,0.0
-86.1625,39.7695,108,0,0.0,102,0.9444444444444444,102,0.9444444444444444,6,0.05555555555555555,5,0,0.0,3,0.6,3,0.6,2,0.4
-86.1625,39.77,143,0,0.0,104,0.7272727272727273,104,0.7272727272727273,39,0.2727272727272727,5,0,0.0,3,0.6,3,0.6,2,0.4
-86.1625,39.771,209,0,0.0,209,1.0,209,1.0,0,0.0,2,0,0.0,2,1.0,2,1.0,0,0.0
-86.1625,39.774,259,0,0.0,226,0.8725868725868726,226,0.8725868725868726,33,0.1274131274131274,4,0,0.0,3,0.75,3,0.75,1,0.25
-86.162,39.767,1035,0,0.0,1035,1.0,1035,1.0,0,0.0,8,0,0.0,8,1.0,8,1.0,0,0.0
-86.162,39.7675,13,0,0.0,13,1.0,13,1.0,0,0.0,1,0,0.0,1,1.0,1,1.0,0,0.0
-86.162,39.7695,183,0,0.0,149,0.8142076502732241,149,0.8142076502732241,34,0.18579234972677597,4,0,0.0,3,0.75,3,0.75,1,0.25
-86.162,39.77,55,0,0.0,50,0.9090909090909091,50,0.9090909090909091,5,0.09090909090909091,4,0,0.0,3,0.75,3,0.75,1,0.25
-86.162,39.771,326,0,0.0,326,1.0,326,1.0,0,0.0,2,0,0.0,2,1.0,2,1.0,0,0.0
-86.162,39.774,250,0,0.0,211,0.844,211,0.844,39,0.156,6,0,0.0,4,0.6666666666666666,4,0.6666666666666666,2,0.3333333333333333
-86.1615,39.7665,2137,0,0.0,1865,0.8727187646233037,1865,0.8727187646233037,272,0.1272812353766963,35,0,0.0,26,0.7428571428571429,26,0.7428571428571429,9,0.2571428571428571
-86.1615,39.767,6016,0,0.0,5452,0.90625,5452,0.90625,564,0.09375,41,0,0.0,35,0.8536585365853658,35,0.8536585365853658,6,0.14634146341463414
-86.1615,39.7675,392,0,0.0,308,0.7857142857142857,308,0.7857142857142857,84,0.21428571428571427,10,0,0.0,5,0.5,5,0.5,5,0.5
-86.1615,39.768,31829,0,0.0,31253,0.9819032957365924,31253,0.9819032957365924,576,0.018096704263407586,109,0,0.0,59,0.5412844036697247,59,0.5412844036697247,50,0.45871559633027525
-86.1615,39.7685,283,0,0.0,100,0.35335689045936397,100,0.35335689045936397,183,0.6466431095406361,3,0,0.0,2,0.6666666666666666,2,0.6666666666666666,1,0.3333333333333333
-86.1615,39.769,136,0,0.0,85,0.625,85,0.625,51,0.375,2,0,0.0,1,0.5,1,0.5,1,0.5
-86.1615,39.7695,381,0,0.0,280,0.7349081364829396,280,0.7349081364829396,101,0.2650918635170604,9,0,0.0,6,0.6666666666666666,6,0.6666666666666666,3,0.3333333333333333
-86.1615,39.77,525,0,0.0,517,0.9847619047619047,517,0.9847619047619047,8,0.015238095238095238,4,0,0.0,3,0.75,3,0.75,1,0.25
-86.1615,39.7705,110,0,0.0,110,1.0,110,1.0,0,0.0,1,0,0.0,1,1.0,1,1.0,0,0.0
-86.1615,39.771,1319,0,0.0,1305,0.9893858984078847,1305,0.9893858984078847,14,0.01061410159211524,11,0,0.0,8,0.7272727272727273,8,0.7272727272727273,3,0.2727272727272727
-86.1615,39.7715,109,0,0.0,95,0.8715596330275229,95,0.8715596330275229,14,0.12844036697247707,6,0,0.0,4,0.6666666666666666,4,0.6666666666666666,2,0.3333333333333333
-86.1615,39.772,52,0,0.0,52,1.0,52,1.0,0,0.0,1,0,0.0,1,1.0,1,1.0,0,0.0
-86.1615,39.7725,35462,0,0.0,33790,0.9528509390333314,33790,0.9528509390333314,1672,0.04714906096666854,128,0,0.0,72,0.5625,72,0.5625,56,0.4375
-86.1615,39.773,54,0,0.0,0,0.0,0,0.0,54,1.0,1,0,0.0,0,0.0,0,0.0,1,1.0
-86.1615,39.774,231,0,0.0,198,0.8571428571428571,198,0.8571428571428571,33,0.14285714285714285,4,0,0.0,3,0.75,3,0.75,1,0.25
-86.161,39.7665,544,0,0.0,543,0.9981617647058824,543,0.9981617647058824,1,0.001838235294117647,5,0,0.0,5,1.0,5,1.0,0,0.0
-86.161,39.767,5273,0,0.0,4868,0.9231936279157975,4868,0.9231936279157975,405,0.07680637208420255,38,0,0.0,34,0.8947368421052632,34,0.8947368421052632,4,0.10526315789473684
-86.161,39.7675,1,0,0.0,1,1.0,1,1.0,0,0.0,1,0,0.0,1,1.0,1,1.0,0,0.0
-86.161,39.768,41,0,0.0,41,1.0,41,1.0,0,0.0,1,0,0.0,1,1.0,1,1.0,0,0.0
-86.161,39.7685,2,0,0.0,2,1.0,2,1.0,0,0.0,1,0,0.0,1,1.0,1,1.0,0,0.0
-86.161,39.7695,180,0,0.0,180,1.0,180,1.0,0,0.0,4,0,0.0,4,1.0,4,1.0,0,0.0
-86.161,39.77,27,0,0.0,27,1.0,27,1.0,0,0.0,1,0,0.0,1,1.0,1,1.0,0,0.0
-86.161,39.771,192,0,0.0,192,1.0,192,1.0,0,0.0,4,0,0.0,4,1.0,4,1.0,0,0.0
-86.161,39.7715,31,0,0.0,0,0.0,0,0.0,31,1.0,1,0,0.0,0,0.0,0,0.0,1,1.0
-86.161,39.772,78,0,0.0,54,0.6923076923076923,54,0.6923076923076923,24,0.3076923076923077,2,0,0.0,1,0.5,1,0.5,1,0.5
-86.161,39.7725,55,0,0.0,55,1.0,55,1.0,0,0.0,1,0,0.0,1,1.0,1,1.0,0,0.0
-86.161,39.773,163,0,0.0,156,0.9570552147239264,156,0.9570552147239264,7,0.04294478527607362,4,0,0.0,2,0.5,2,0.5,2,0.5
-86.161,39.7735,97,0,0.0,47,0.4845360824742268,47,0.4845360824742268,50,0.5154639175257731,2,0,0.0,1,0.5,1,0.5,1,0.5
-86.161,39.774,719,0,0.0,608,0.8456189151599444,608,0.8456189151599444,111,0.15438108484005564,9,0,0.0,6,0.6666666666666666,6,0.6666666666666666,3,0.3333333333333333
-86.161,39.7745,151,0,0.0,74,0.4900662251655629,74,0.4900662251655629,77,0.5099337748344371,2,0,0.0,1,0.5,1,0.5,1,0.5
-86.161,39.775,94,0,0.0,54,0.574468085106383,54,0.574468085106383,40,0.425531914893617,2,0,0.0,1,0.5,1,0.5,1,0.5
-86.161,39.7755,189,0,0.0,165,0.873015873015873,165,0.873015873015873,24,0.12698412698412698,3,0,0.0,2,0.6666666666666666,2,0.6666666666666666,1,0.3333333333333333
-86.161,39.776,53,0,0.0,53,1.0,53,1.0,0,0.0,1,0,0.0,1,1.0,1,1.0,0,0.0
-86.161,39.7765,50,0,0.0,50,1.0,50,1.0,0,0.0,1,0,0.0,1,1.0,1,1.0,0,0.0
-86.161,39.777,256,0,0.0,256,1.0,256,1.0,0,0.0,3,0,0.0,3,1.0,3,1.0,0,0.0
-86.161,39.7775,60,0,0.0,60,1.0,60,1.0,0,0.0,1,0,0.0,1,1.0,1,1.0,0,0.0
-86.1605,39.7665,253,0,0.0,253,1.0,253,1.0,0,0.0,8,0,0.0,8,1.0,8,1.0,0,0.0
-86.1605,39.767,1173,0,0.0,1108,0.9445865302642796,1108,0.9445865302642796,65,0.05541346973572037,55,0,0.0,51,0.9272727272727272,51,0.9272727272727272,4,0.07272727272727272
-86.1605,39.7695,209,0,0.0,209,1.0,209,1.0,0,0.0,4,0,0.0,4,1.0,4,1.0,0,0.0
-86.1605,39.771,211,0,0.0,211,1.0,211,1.0,0,0.0,4,0,0.0,4,1.0,4,1.0,0,0.0
-86.1605,39.774,233,0,0.0,202,0.8669527896995708,202,0.8669527896995708,31,0.13304721030042918,8,0,0.0,6,0.75,6,0.75,2,0.25
-86.1605,39.7755,48,0,0.0,44,0.9166666666666666,44,0.9166666666666666,4,0.08333333333333333,4,0,0.0,3,0.75,3,0.75,1,0.25
-86.16,39.7665,9393,0,0.0,7144,0.7605663792185671,7144,0.7605663792185671,2249,0.239433620781433,35,0,0.0,27,0.7714285714285715,27,0.7714285714285715,8,0.22857142857142856
-86.16,39.767,1410,0,0.0,1161,0.823404255319149,1161,0.823404255319149,249,0.17659574468085107,23,0,0.0,19,0.8260869565217391,19,0.8260869565217391,4,0.17391304347826086
-86.16,39.7675,65,0,0.0,65,1.0,65,1.0,0,0.0,1,0,0.0,1,1.0,1,1.0,0,0.0
-86.16,39.768,35,0,0.0,35,1.0,35,1.0,0,0.0,2,0,0.0,2,1.0,2,1.0,0,0.0
-86.16,39.7695,1959,0,0.0,1887,0.9632465543644717,1887,0.9632465543644717,72,0.036753445635528334,19,0,0.0,11,0.5789473684210527,11,0.5789473684210527,8,0.42105263157894735
-86.16,39.771,233,0,0.0,233,1.0,233,1.0,0,0.0,4,0,0.0,4,1.0,4,1.0,0,0.0
-86.16,39.774,215,0,0.0,188,0.8744186046511628,188,0.8744186046511628,27,0.12558139534883722,6,0,0.0,5,0.8333333333333334,5,0.8333333333333334,1,0.16666666666666666
-86.16,39.7755,40,0,0.0,40,1.0,40,1.0,0,0.0,1,0,0.0,1,1.0,1,1.0,0,0.0
-86.1595,39.7665,10958,0,0.0,8936,0.8154772768753422,8936,0.8154772768753422,2022,0.18452272312465778,48,0,0.0,33,0.6875,33,0.6875,15,0.3125
-86.1595,39.767,670,0,0.0,644,0.9611940298507463,644,0.9611940298507463,26,0.03880597014925373,12,0,0.0,9,0.75,9,0.75,3,0.25
-86.1595,39.7675,54,0,0.0,54,1.0,54,1.0,0,0.0,1,0,0.0,1,1.0,1,1.0,0,0.0
-86.1595,39.768,79,0,0.0,79,1.0,79,1.0,0,0.0,1,0,0.0,1,1.0,1,1.0,0,0.0
-86.1595,39.7685,691,0,0.0,686,0.9927641099855282,686,0.9927641099855282,5,0.00723589001447178,6,0,0.0,5,0.8333333333333334,5,0.8333333333333334,1,0.16666666666666666
-86.1595,39.769,308,0,0.0,308,1.0,308,1.0,0,0.0,3,0,0.0,3,1.0,3,1.0,0,0.0
-86.1595,39.7695,506,0,0.0,506,1.0,506,1.0,0,0.0,9,0,0.0,9,1.0,9,1.0,0,0.0
-86.1595,39.77,468,0,0.0,458,0.9786324786324786,458,0.9786324786324786,10,0.021367521367521368,8,0,0.0,6,0.75,6,0.75,2,0.25
-86.1595,39.7705,243,0,0.0,243,1.0,243,1.0,0,0.0,3,0,0.0,3,1.0,3,1.0,0,0.0
-86.1595,39.771,460,0,0.0,451,0.9804347826086957,451,0.9804347826086957,9,0.01956521739130435,9,0,0.0,7,0.7777777777777778,7,0.7777777777777778,2,0.2222222222222222
-86.1595,39.7715,270,0,0.0,270,1.0,270,1.0,0,0.0,3,0,0.0,3,1.0,3,1.0,0,0.0
-86.1595,39.772,211,0,0.0,211,1.0,211,1.0,0,0.0,3,0,0.0,3,1.0,3,1.0,0,0.0
-86.1595,39.7725,220,0,0.0,220,1.0,220,1.0,0,0.0,3,0,0.0,3,1.0,3,1.0,0,0.0
-86.1595,39.773,197,0,0.0,197,1.0,197,1.0,0,0.0,3,0,0.0,3,1.0,3,1.0,0,0.0
-86.1595,39.7735,140,0,0.0,140,1.0,140,1.0,0,0.0,2,0,0.0,2,1.0,2,1.0,0,0.0
-86.1595,39.774,374,0,0.0,329,0.8796791443850267,329,0.8796791443850267,45,0.12032085561497326,14,0,0.0,10,0.7142857142857143,10,0.7142857142857143,4,0.2857142857142857
-86.1595,39.7745,164,0,0.0,164,1.0,164,1.0,0,0.0,2,0,0.0,2,1.0,2,1.0,0,0.0
-86.1595,39.775,30654,0,0.0,29962,0.9774254583414889,29962,0.9774254583414889,692,0.022574541658511124,92,0,0.0,47,0.5108695652173914,47,0.5108695652173914,45,0.4891304347826087
-86.1595,39.7755,83,0,0.0,83,1.0,83,1.0,0,0.0,2,0,0.0,2,1.0,2,1.0,0,0.0
-86.1595,39.776,51,0,0.0,51,1.0,51,1.0,0,0.0,1,0,0.0,1,1.0,1,1.0,0,0.0
-86.1595,39.7765,124,0,0.0,115,0.9274193548387096,115,0.9274193548387096,9,0.07258064516129033,7,0,0.0,5,0.7142857142857143,5,0.7142857142857143,2,0.2857142857142857
-86.1595,39.777,119,0,0.0,106,0.8907563025210085,106,0.8907563025210085,13,0.1092436974789916,7,0,0.0,4,0.5714285714285714,4,0.5714285714285714,3,0.42857142857142855
-86.1595,39.7775,631,0,0.0,631,1.0,631,1.0,0,0.0,2,0,0.0,2,1.0,2,1.0,0,0.0
-86.159,39.767,548,0,0.0,535,0.9762773722627737,535,0.9762773722627737,13,0.023722627737226276,7,0,0.0,5,0.7142857142857143,5,0.7142857142857143,2,0.2857142857142857
-86.159,39.7685,78,0,0.0,78,1.0,78,1.0,0,0.0,1,0,0.0,1,1.0,1,1.0,0,0.0
-86.159,39.7695,159,0,0.0,154,0.9685534591194969,154,0.9685534591194969,5,0.031446540880503145,5,0,0.0,4,0.8,4,0.8,1,0.2
-86.159,39.771,363,0,0.0,359,0.9889807162534435,359,0.9889807162534435,4,0.011019283746556474,4,0,0.0,3,0.75,3,0.75,1,0.25
-86.159,39.7735,48,0,0.0,48,1.0,48,1.0,0,0.0,1,0,0.0,1,1.0,1,1.0,0,0.0
-86.159,39.774,295,0,0.0,258,0.8745762711864407,258,0.8745762711864407,37,0.12542372881355932,16,0,0.0,13,0.8125,13,0.8125,3,0.1875
-86.159,39.7745,50,0,0.0,50,1.0,50,1.0,0,0.0,1,0,0.0,1,1.0,1,1.0,0,0.0
-86.159,39.775,88,0,0.0,88,1.0,88,1.0,0,0.0,4,0,0.0,4,1.0,4,1.0,0,0.0
-86.159,39.7755,108,0,0.0,108,1.0,108,1.0,0,0.0,2,0,0.0,2,1.0,2,1.0,0,0.0
-86.159,39.776,36,0,0.0,36,1.0,36,1.0,0,0.0,1,0,0.0,1,1.0,1,1.0,0,0.0
-86.159,39.7765,3,0,0.0,3,1.0,3,1.0,0,0.0,1,0,0.0,1,1.0,1,1.0,0,0.0
-86.159,39.7775,102,0,0.0,102,1.0,102,1.0,0,0.0,1,0,0.0,1,1.0,1,1.0,0,0.0
-86.1585,39.767,153,0,0.0,153,1.0,153,1.0,0,0.0,3,0,0.0,3,1.0,3,1.0,0,0.0
-86.1585,39.768,156,0,0.0,156,1.0,156,1.0,0,0.0,2,0,0.0,2,1.0,2,1.0,0,0.0
-86.1585,39.7685,1578,0,0.0,1574,0.9974651457541192,1574,0.9974651457541192,4,0.0025348542458808617,4,0,0.0,3,0.75,3,0.75,1,0.25
-86.1585,39.769,194,0,0.0,194,1.0,194,1.0,0,0.0,1,0,0.0,1,1.0,1,1.0,0,0.0
-86.1585,39.7695,177,0,0.0,177,1.0,177,1.0,0,0.0,2,0,0.0,2,1.0,2,1.0,0,0.0
-86.1585,39.771,229,0,0.0,224,0.9781659388646288,224,0.9781659388646288,5,0.021834061135371178,4,0,0.0,3,0.75,3,0.75,1,0.25
-86.1585,39.774,238,0,0.0,200,0.8403361344537815,200,0.8403361344537815,38,0.15966386554621848,10,0,0.0,8,0.8,8,0.8,2,0.2
-86.1585,39.775,6,0,0.0,6,1.0,6,1.0,0,0.0,1,0,0.0,1,1.0,1,1.0,0,0.0
-86.1585,39.7755,35,0,0.0,35,1.0,35,1.0,0,0.0,1,0,0.0,1,1.0,1,1.0,0,0.0
-86.158,39.7665,423,0,0.0,423,1.0,423,1.0,0,0.0,2,0,0.0,2,1.0,2,1.0,0,0.0
-86.158,39.767,1154,0,0.0,1129,0.9783362218370883,1129,0.9783362218370883,25,0.021663778162911613,14,0,0.0,11,0.7857142857142857,11,0.7857142857142857,3,0.21428571428571427
-86.158,39.7675,482,0,0.0,482,1.0,482,1.0,0,0.0,5,0,0.0,5,1.0,5,1.0,0,0.0
-86.158,39.768,81,0,0.0,81,1.0,81,1.0,0,0.0,2,0,0.0,2,1.0,2,1.0,0,0.0
-86.158,39.7685,65,0,0.0,65,1.0,65,1.0,0,0.0,2,0,0.0,2,1.0,2,1.0,0,0.0
-86.158,39.769,231,0,0.0,231,1.0,231,1.0,0,0.0,3,0,0.0,3,1.0,3,1.0,0,0.0
-86.158,39.7695,257,0,0.0,257,1.0,257,1.0,0,0.0,3,0,0.0,3,1.0,3,1.0,0,0.0
-86.158,39.77,75,0,0.0,75,1.0,75,1.0,0,0.0,1,0,0.0,1,1.0,1,1.0,0,0.0
-86.158,39.7705,74,0,0.0,74,1.0,74,1.0,0,0.0,1,0,0.0,1,1.0,1,1.0,0,0.0
-86.158,39.771,1289,0,0.0,1283,0.9953452288595811,1283,0.9953452288595811,6,0.004654771140418929,7,0,0.0,6,0.8571428571428571,6,0.8571428571428571,1,0.14285714285714285
-86.158,39.774,213,0,0.0,143,0.6713615023474179,143,0.6713615023474179,70,0.3286384976525822,4,0,0.0,2,0.5,2,0.5,2,0.5
-86.158,39.775,87,0,0.0,87,1.0,87,1.0,0,0.0,2,0,0.0,2,1.0,2,1.0,0,0.0
-86.158,39.7755,2,0,0.0,2,1.0,2,1.0,0,0.0,1,0,0.0,1,1.0,1,1.0,0,0.0
-86.1575,39.7665,5276,0,0.0,5276,1.0,5276,1.0,0,0.0,3,0,0.0,3,1.0,3,1.0,0,0.0
-86.1575,39.767,18481,0,0.0,18449,0.9982684919647206,18449,0.9982684919647206,32,0.0017315080352794763,15,0,0.0,12,0.8,12,0.8,3,0.2
-86.1575,39.7675,100,0,0.0,100,1.0,100,1.0,0,0.0,3,0,0.0,3,1.0,3,1.0,0,0.0
-86.1575,39.768,164,0,0.0,164,1.0,164,1.0,0,0.0,3,0,0.0,3,1.0,3,1.0,0,0.0
-86.1575,39.7685,113,0,0.0,113,1.0,113,1.0,0,0.0,2,0,0.0,2,1.0,2,1.0,0,0.0
-86.1575,39.769,145,0,0.0,145,1.0,145,1.0,0,0.0,2,0,0.0,2,1.0,2,1.0,0,0.0
-86.1575,39.7695,213,0,0.0,213,1.0,213,1.0,0,0.0,3,0,0.0,3,1.0,3,1.0,0,0.0
-86.1575,39.77,53,0,0.0,53,1.0,53,1.0,0,0.0,1,0,0.0,1,1.0,1,1.0,0,0.0
-86.1575,39.7705,45,0,0.0,41,0.9111111111111111,41,0.9111111111111111,4,0.08888888888888889,3,0,0.0,2,0.6666666666666666,2,0.6666666666666666,1,0.3333333333333333
-86.1575,39.771,808,0,0.0,798,0.9876237623762376,798,0.9876237623762376,10,0.012376237623762377,10,0,0.0,8,0.8,8,0.8,2,0.2
-86.1575,39.7715,102,0,0.0,98,0.9607843137254902,98,0.9607843137254902,4,0.0392156862745098,4,0,0.0,3,0.75,3,0.75,1,0.25
-86.1575,39.772,87,0,0.0,86,0.9885057471264368,86,0.9885057471264368,1,0.011494252873563218,3,0,0.0,2,0.6666666666666666,2,0.6666666666666666,1,0.3333333333333333
-86.1575,39.7725,84,0,0.0,84,1.0,84,1.0,0,0.0,2,0,0.0,2,1.0,2,1.0,0,0.0
-86.1575,39.773,82,0,0.0,82,1.0,82,1.0,0,0.0,2,0,0.0,2,1.0,2,1.0,0,0.0
-86.1575,39.7735,586,0,0.0,581,0.9914675767918089,581,0.9914675767918089,5,0.008532423208191127,5,0,0.0,4,0.8,4,0.8,1,0.2
-86.1575,39.774,371,0,0.0,296,0.7978436657681941,296,0.7978436657681941,75,0.20215633423180593,8,0,0.0,6,0.75,6,0.75,2,0.25
-86.1575,39.7745,286,0,0.0,281,0.9825174825174825,281,0.9825174825174825,5,0.017482517482517484,5,0,0.0,4,0.8,4,0.8,1,0.2
-86.1575,39.775,173,0,0.0,169,0.976878612716763,169,0.976878612716763,4,0.023121387283236993,5,0,0.0,4,0.8,4,0.8,1,0.2
-86.1575,39.7755,47,0,0.0,47,1.0,47,1.0,0,0.0,2,0,0.0,2,1.0,2,1.0,0,0.0
-86.1575,39.776,42,0,0.0,42,1.0,42,1.0,0,0.0,1,0,0.0,1,1.0,1,1.0,0,0.0
-86.1575,39.7765,41,0,0.0,41,1.0,41,1.0,0,0.0,1,0,0.0,1,1.0,1,1.0,0,0.0
-86.1575,39.777,43,0,0.0,43,1.0,43,1.0,0,0.0,2,0,0.0,2,1.0,2,1.0,0,0.0
-86.1575,39.7775,53,0,0.0,47,0.8867924528301887,47,0.8867924528301887,6,0.11320754716981132,3,0,0.0,2,0.6666666666666666,2,0.6666666666666666,1,0.3333333333333333
-86.157,39.7665,35,0,0.0,35,1.0,35,1.0,0,0.0,2,0,0.0,2,1.0,2,1.0,0,0.0
-86.157,39.767,477,0,0.0,477,1.0,477,1.0,0,0.0,3,0,0.0,3,1.0,3,1.0,0,0.0
-86.157,39.768,217,0,0.0,188,0.8663594470046083,188,0.8663594470046083,29,0.1336405529953917,12,0,0.0,7,0.5833333333333334,7,0.5833333333333334,5,0.4166666666666667
-86.157,39.7685,162,0,0.0,157,0.9691358024691358,157,0.9691358024691358,5,0.030864197530864196,4,0,0.0,3,0.75,3,0.75,1,0.25
-86.157,39.7695,135,0,0.0,125,0.9259259259259259,125,0.9259259259259259,10,0.07407407407407407,6,0,0.0,4,0.6666666666666666,4,0.6666666666666666,2,0.3333333333333333
-86.157,39.771,1965,0,0.0,1960,0.9974554707379135,1960,0.9974554707379135,5,0.002544529262086514,5,0,0.0,4,0.8,4,0.8,1,0.2
-86.157,39.774,294,0,0.0,193,0.6564625850340136,193,0.6564625850340136,101,0.3435374149659864,7,0,0.0,5,0.7142857142857143,5,0.7142857142857143,2,0.2857142857142857
-86.1565,39.7665,78,0,0.0,78,1.0,78,1.0,0,0.0,2,0,0.0,2,1.0,2,1.0,0,0.0
-86.1565,39.767,166,0,0.0,166,1.0,166,1.0,0,0.0,3,0,0.0,3,1.0,3,1.0,0,0.0
-86.1565,39.7695,722,0,0.0,702,0.9722991689750693,702,0.9722991689750693,20,0.027700831024930747,11,0,0.0,7,0.6363636363636364,7,0.6363636363636364,4,0.36363636363636365
-86.1565,39.771,1396,0,0.0,1391,0.9964183381088825,1391,0.9964183381088825,5,0.0035816618911174787,5,0,0.0,4,0.8,4,0.8,1,0.2
-86.1565,39.774,275,0,0.0,183,0.6654545454545454,183,0.6654545454545454,92,0.33454545454545453,8,0,0.0,5,0.625,5,0.625,3,0.375
-86.156,39.7665,259,0,0.0,259,1.0,259,1.0,0,0.0,4,0,0.0,4,1.0,4,1.0,0,0.0
-86.156,39.767,389,0,0.0,379,0.974293059125964,379,0.974293059125964,10,0.02570694087403599,9,0,0.0,7,0.7777777777777778,7,0.7777777777777778,2,0.2222222222222222
-86.156,39.7675,105,0,0.0,105,1.0,105,1.0,0,0.0,2,0,0.0,2,1.0,2,1.0,0,0.0
-86.156,39.768,28229,0,0.0,27702,0.981331255092281,27702,0.981331255092281,527,0.018668744907719012,95,0,0.0,49,0.5157894736842106,49,0.5157894736842106,46,0.4842105263157895
-86.156,39.7685,243,0,0.0,242,0.9958847736625515,242,0.9958847736625515,1,0.00411522633744856,4,0,0.0,3,0.75,3,0.75,1,0.25
-86.156,39.769,138,0,0.0,138,1.0,138,1.0,0,0.0,1,0,0.0,1,1.0,1,1.0,0,0.0
-86.156,39.7695,2313,0,0.0,2307,0.9974059662775616,2307,0.9974059662775616,6,0.0025940337224383916,4,0,0.0,3,0.75,3,0.75,1,0.25
-86.156,39.77,920,0,0.0,901,0.9793478260869565,901,0.9793478260869565,19,0.020652173913043477,13,0,0.0,9,0.6923076923076923,9,0.6923076923076923,4,0.3076923076923077
-86.156,39.7705,160,0,0.0,155,0.96875,155,0.96875,5,0.03125,7,0,0.0,6,0.8571428571428571,6,0.8571428571428571,1,0.14285714285714285
-86.156,39.771,1956,0,0.0,1951,0.9974437627811861,1951,0.9974437627811861,5,0.002556237218813906,17,0,0.0,16,0.9411764705882353,16,0.9411764705882353,1,0.058823529411764705
-86.156,39.7715,481,0,0.0,466,0.9688149688149689,466,0.9688149688149689,15,0.031185031185031187,14,0,0.0,11,0.7857142857142857,11,0.7857142857142857,3,0.21428571428571427
-86.156,39.772,307,0,0.0,307,1.0,307,1.0,0,0.0,5,0,0.0,5,1.0,5,1.0,0,0.0
-86.156,39.7725,859,0,0.0,854,0.9941792782305006,854,0.9941792782305006,5,0.005820721769499418,9,0,0.0,8,0.8888888888888888,8,0.8888888888888888,1,0.1111111111111111
-86.156,39.773,117,0,0.0,117,1.0,117,1.0,0,0.0,3,0,0.0,3,1.0,3,1.0,0,0.0
-86.156,39.7735,46,0,0.0,46,1.0,46,1.0,0,0.0,1,0,0.0,1,1.0,1,1.0,0,0.0
-86.156,39.774,505,0,0.0,424,0.8396039603960396,424,0.8396039603960396,81,0.1603960396039604,8,0,0.0,6,0.75,6,0.75,2,0.25
-86.1555,39.7665,126,0,0.0,126,1.0,126,1.0,0,0.0,2,0,0.0,2,1.0,2,1.0,0,0.0
-86.1555,39.767,216,0,0.0,216,1.0,216,1.0,0,0.0,3,0,0.0,3,1.0,3,1.0,0,0.0
-86.1555,39.768,213,0,0.0,109,0.5117370892018779,109,0.5117370892018779,104,0.48826291079812206,4,0,0.0,3,0.75,3,0.75,1,0.25
-86.1555,39.7695,241,0,0.0,241,1.0,241,1.0,0,0.0,2,0,0.0,2,1.0,2,1.0,0,0.0
-86.1555,39.771,833,0,0.0,827,0.992797118847539,827,0.992797118847539,6,0.007202881152460984,7,0,0.0,6,0.8571428571428571,6,0.8571428571428571,1,0.14285714285714285
-86.1555,39.7725,76,0,0.0,76,1.0,76,1.0,0,0.0,3,0,0.0,3,1.0,3,1.0,0,0.0
-86.1555,39.773,710,0,0.0,705,0.9929577464788732,705,0.9929577464788732,5,0.007042253521126761,9,0,0.0,8,0.8888888888888888,8,0.8888888888888888,1,0.1111111111111111
-86.1555,39.7735,697,0,0.0,690,0.9899569583931134,690,0.9899569583931134,7,0.010043041606886656,9,0,0.0,8,0.8888888888888888,8,0.8888888888888888,1,0.1111111111111111
-86.1555,39.774,1426,0,0.0,1272,0.8920056100981767,1272,0.8920056100981767,154,0.10799438990182328,24,0,0.0,17,0.7083333333333334,17,0.7083333333333334,7,0.2916666666666667
-86.1555,39.7745,291,0,0.0,255,0.8762886597938144,255,0.8762886597938144,36,0.12371134020618557,10,0,0.0,6,0.6,6,0.6,4,0.4
-86.1555,39.775,1269,0,0.0,1239,0.9763593380614657,1239,0.9763593380614657,30,0.02364066193853428,14,0,0.0,10,0.7142857142857143,10,0.7142857142857143,4,0.2857142857142857
-86.1555,39.7755,156,0,0.0,156,1.0,156,1.0,0,0.0,3,0,0.0,3,1.0,3,1.0,0,0.0
-86.1555,39.776,103,0,0.0,103,1.0,103,1.0,0,0.0,1,0,0.0,1,1.0,1,1.0,0,0.0
-86.1555,39.7765,95,0,0.0,95,1.0,95,1.0,0,0.0,2,0,0.0,2,1.0,2,1.0,0,0.0
-86.1555,39.777,96,0,0.0,96,1.0,96,1.0,0,0.0,2,0,0.0,2,1.0,2,1.0,0,0.0
-86.1555,39.7775,116,0,0.0,116,1.0,116,1.0,0,0.0,2,0,0.0,2,1.0,2,1.0,0,0.0
-86.155,39.7665,97,0,0.0,97,1.0,97,1.0,0,0.0,2,0,0.0,2,1.0,2,1.0,0,0.0
-86.155,39.767,124,0,0.0,124,1.0,124,1.0,0,0.0,3,0,0.0,3,1.0,3,1.0,0,0.0
-86.155,39.7695,552,0,0.0,539,0.9764492753623188,539,0.9764492753623188,13,0.02355072463768116,7,0,0.0,5,0.7142857142857143,5,0.7142857142857143,2,0.2857142857142857
-86.155,39.771,1694,0,0.0,1689,0.9970484061393152,1689,0.9970484061393152,5,0.0029515938606847697,11,0,0.0,10,0.9090909090909091,10,0.9090909090909091,1,0.09090909090909091
-86.155,39.774,273,0,0.0,219,0.8021978021978022,219,0.8021978021978022,54,0.1978021978021978,10,0,0.0,6,0.6,6,0.6,4,0.4
-86.155,39.775,526,0,0.0,521,0.9904942965779467,521,0.9904942965779467,5,0.009505703422053232,5,0,0.0,4,0.8,4,0.8,1,0.2
-86.1545,39.7665,534,0,0.0,529,0.9906367041198502,529,0.9906367041198502,5,0.009363295880149813,9,0,0.0,8,0.8888888888888888,8,0.8888888888888888,1,0.1111111111111111
-86.1545,39.767,173,0,0.0,164,0.9479768786127167,164,0.9479768786127167,9,0.05202312138728324,8,0,0.0,6,0.75,6,0.75,2,0.25
-86.1545,39.7675,60,0,0.0,60,1.0,60,1.0,0,0.0,1,0,0.0,1,1.0,1,1.0,0,0.0
-86.1545,39.7685,8,0,0.0,8,1.0,8,1.0,0,0.0,1,0,0.0,1,1.0,1,1.0,0,0.0
-86.1545,39.769,80,0,0.0,80,1.0,80,1.0,0,0.0,1,0,0.0,1,1.0,1,1.0,0,0.0
-86.1545,39.7695,1822,0,0.0,1793,0.9840834248079035,1793,0.9840834248079035,29,0.015916575192096598,18,0,0.0,14,0.7777777777777778,14,0.7777777777777778,4,0.2222222222222222
-86.1545,39.771,2467,0,0.0,2445,0.9910822861775436,2445,0.9910822861775436,22,0.008917713822456425,18,0,0.0,14,0.7777777777777778,14,0.7777777777777778,4,0.2222222222222222
-86.1545,39.774,224,0,0.0,177,0.7901785714285714,177,0.7901785714285714,47,0.20982142857142858,9,0,0.0,6,0.6666666666666666,6,0.6666666666666666,3,0.3333333333333333
-86.1545,39.775,130,0,0.0,130,1.0,130,1.0,0,0.0,1,0,0.0,1,1.0,1,1.0,0,0.0
-86.154,39.7665,406,0,0.0,406,1.0,406,1.0,0,0.0,6,0,0.0,6,1.0,6,1.0,0,0.0
-86.154,39.767,83,0,0.0,83,1.0,83,1.0,0,0.0,2,0,0.0,2,1.0,2,1.0,0,0.0
-86.154,39.7675,137,0,0.0,137,1.0,137,1.0,0,0.0,3,0,0.0,3,1.0,3,1.0,0,0.0
-86.154,39.768,327,0,0.0,327,1.0,327,1.0,0,0.0,2,0,0.0,2,1.0,2,1.0,0,0.0
-86.154,39.7685,493,0,0.0,481,0.9756592292089249,481,0.9756592292089249,12,0.02434077079107505,7,0,0.0,5,0.7142857142857143,5,0.7142857142857143,2,0.2857142857142857
-86.154,39.769,498,0,0.0,490,0.9839357429718876,490,0.9839357429718876,8,0.01606425702811245,5,0,0.0,3,0.6,3,0.6,2,0.4
-86.154,39.7695,1114,0,0.0,1101,0.9883303411131059,1101,0.9883303411131059,13,0.011669658886894075,9,0,0.0,7,0.7777777777777778,7,0.7777777777777778,2,0.2222222222222222
-86.154,39.77,262,0,0.0,262,1.0,262,1.0,0,0.0,3,0,0.0,3,1.0,3,1.0,0,0.0
-86.154,39.7705,393,0,0.0,393,1.0,393,1.0,0,0.0,3,0,0.0,3,1.0,3,1.0,0,0.0
-86.154,39.771,856,0,0.0,846,0.9883177570093458,846,0.9883177570093458,10,0.011682242990654205,11,0,0.0,9,0.8181818181818182,9,0.8181818181818182,2,0.18181818181818182
-86.154,39.7715,438,0,0.0,430,0.9817351598173516,430,0.9817351598173516,8,0.0182648401826484,7,0,0.0,5,0.7142857142857143,5,0.7142857142857143,2,0.2857142857142857
-86.154,39.772,1139,0,0.0,1139,1.0,1139,1.0,0,0.0,3,0,0.0,3,1.0,3,1.0,0,0.0
-86.154,39.7725,452,0,0.0,452,1.0,452,1.0,0,0.0,3,0,0.0,3,1.0,3,1.0,0,0.0
-86.154,39.773,1013,0,0.0,995,0.9822309970384995,995,0.9822309970384995,18,0.017769002961500493,8,0,0.0,7,0.875,7,0.875,1,0.125
-86.154,39.7735,604,0,0.0,604,1.0,604,1.0,0,0.0,5,0,0.0,5,1.0,5,1.0,0,0.0
-86.154,39.774,579,0,0.0,537,0.927461139896373,537,0.927461139896373,42,0.07253886010362694,13,0,0.0,12,0.9230769230769231,12,0.9230769230769231,1,0.07692307692307693
-86.154,39.7745,464,0,0.0,458,0.9870689655172413,458,0.9870689655172413,6,0.01293103448275862,15,0,0.0,14,0.9333333333333333,14,0.9333333333333333,1,0.06666666666666667
-86.154,39.775,717,0,0.0,697,0.9721059972105998,697,0.9721059972105998,20,0.02789400278940028,14,0,0.0,10,0.7142857142857143,10,0.7142857142857143,4,0.2857142857142857
-86.154,39.7755,101,0,0.0,101,1.0,101,1.0,0,0.0,2,0,0.0,2,1.0,2,1.0,0,0.0
-86.154,39.776,104,0,0.0,98,0.9423076923076923,98,0.9423076923076923,6,0.057692307692307696,4,0,0.0,3,0.75,3,0.75,1,0.25
-86.154,39.7765,150,0,0.0,150,1.0,150,1.0,0,0.0,4,0,0.0,4,1.0,4,1.0,0,0.0
-86.154,39.777,99,0,0.0,99,1.0,99,1.0,0,0.0,3,0,0.0,3,1.0,3,1.0,0,0.0
-86.154,39.7775,37,0,0.0,37,1.0,37,1.0,0,0.0,3,0,0.0,3,1.0,3,1.0,0,0.0
-86.1535,39.7665,2589,0,0.0,2589,1.0,2589,1.0,0,0.0,4,0,0.0,4,1.0,4,1.0,0,0.0
-86.1535,39.7695,270,0,0.0,270,1.0,270,1.0,0,0.0,4,0,0.0,4,1.0,4,1.0,0,0.0
-86.1535,39.771,161,0,0.0,161,1.0,161,1.0,0,0.0,2,0,0.0,2,1.0,2,1.0,0,0.0
-86.1535,39.7735,143,0,0.0,93,0.6503496503496503,93,0.6503496503496503,50,0.34965034965034963,6,0,0.0,4,0.6666666666666666,4,0.6666666666666666,2,0.3333333333333333
-86.1535,39.774,345,0,0.0,324,0.9391304347826087,324,0.9391304347826087,21,0.06086956521739131,13,0,0.0,9,0.6923076923076923,9,0.6923076923076923,4,0.3076923076923077
-86.1535,39.775,206,0,0.0,203,0.9854368932038835,203,0.9854368932038835,3,0.014563106796116505,3,0,0.0,2,0.6666666666666666,2,0.6666666666666666,1,0.3333333333333333
-86.1535,39.7775,131,0,0.0,131,1.0,131,1.0,0,0.0,3,0,0.0,3,1.0,3,1.0,0,0.0
-86.153,39.7665,2033,0,0.0,2032,0.999508116084604,2032,0.999508116084604,1,0.0004918839153959665,5,0,0.0,4,0.8,4,0.8,1,0.2
-86.153,39.7695,275,0,0.0,275,1.0,275,1.0,0,0.0,4,0,0.0,4,1.0,4,1.0,0,0.0
-86.153,39.771,195,0,0.0,195,1.0,195,1.0,0,0.0,2,0,0.0,2,1.0,2,1.0,0,0.0
-86.153,39.7735,208,0,0.0,155,0.7451923076923077,155,0.7451923076923077,53,0.2548076923076923,6,0,0.0,4,0.6666666666666666,4,0.6666666666666666,2,0.3333333333333333
-86.153,39.774,113,0,0.0,113,1.0,113,1.0,0,0.0,2,0,0.0,2,1.0,2,1.0,0,0.0
-86.153,39.775,765,0,0.0,765,1.0,765,1.0,0,0.0,3,0,0.0,3,1.0,3,1.0,0,0.0
-86.153,39.7775,81,0,0.0,73,0.9012345679012346,73,0.9012345679012346,8,0.09876543209876543,4,0,0.0,3,0.75,3,0.75,1,0.25
-86.1525,39.7665,1415,0,0.0,1374,0.9710247349823321,1374,0.9710247349823321,41,0.028975265017667843,23,0,0.0,16,0.6956521739130435,16,0.6956521739130435,7,0.30434782608695654
-86.1525,39.767,1115,0,0.0,1107,0.9928251121076234,1107,0.9928251121076234,8,0.007174887892376682,11,0,0.0,9,0.8181818181818182,9,0.8181818181818182,2,0.18181818181818182
-86.1525,39.7675,283,0,0.0,283,1.0,283,1.0,0,0.0,9,0,0.0,9,1.0,9,1.0,0,0.0
-86.1525,39.768,401,0,0.0,401,1.0,401,1.0,0,0.0,3,0,0.0,3,1.0,3,1.0,0,0.0
-86.1525,39.7685,659,0,0.0,646,0.9802731411229135,646,0.9802731411229135,13,0.019726858877086494,10,0,0.0,8,0.8,8,0.8,2,0.2
-86.1525,39.769,265,0,0.0,265,1.0,265,1.0,0,0.0,5,0,0.0,5,1.0,5,1.0,0,0.0
-86.1525,39.7695,2792,0,0.0,2764,0.9899713467048711,2764,0.9899713467048711,28,0.01002865329512894,20,0,0.0,16,0.8,16,0.8,4,0.2
-86.1525,39.77,802,0,0.0,776,0.9675810473815462,776,0.9675810473815462,26,0.032418952618453865,16,0,0.0,12,0.75,12,0.75,4,0.25
-86.1525,39.7705,354,0,0.0,350,0.9887005649717514,350,0.9887005649717514,4,0.011299435028248588,10,0,0.0,9,0.9,9,0.9,1,0.1
-86.1525,39.771,653,0,0.0,638,0.9770290964777948,638,0.9770290964777948,15,0.022970903522205207,16,0,0.0,13,0.8125,13,0.8125,3,0.1875
-86.1525,39.7715,362,0,0.0,350,0.9668508287292817,350,0.9668508287292817,12,0.03314917127071823,10,0,0.0,8,0.8,8,0.8,2,0.2
-86.1525,39.772,196,0,0.0,188,0.9591836734693877,188,0.9591836734693877,8,0.04081632653061224,9,0,0.0,7,0.7777777777777778,7,0.7777777777777778,2,0.2222222222222222
-86.1525,39.7725,220,0,0.0,220,1.0,220,1.0,0,0.0,3,0,0.0,3,1.0,3,1.0,0,0.0
-86.1525,39.773,39,0,0.0,39,1.0,39,1.0,0,0.0,2,0,0.0,2,1.0,2,1.0,0,0.0
-86.1525,39.7735,372,0,0.0,208,0.5591397849462365,208,0.5591397849462365,164,0.44086021505376344,6,0,0.0,5,0.8333333333333334,5,0.8333333333333334,1,0.16666666666666666
-86.1525,39.774,99,0,0.0,99,1.0,99,1.0,0,0.0,3,0,0.0,3,1.0,3,1.0,0,0.0
-86.1525,39.775,122,0,0.0,122,1.0,122,1.0,0,0.0,3,0,0.0,3,1.0,3,1.0,0,0.0
-86.1525,39.7775,173,0,0.0,173,1.0,173,1.0,0,0.0,4,0,0.0,4,1.0,4,1.0,0,0.0
-86.152,39.7665,179,0,0.0,179,1.0,179,1.0,0,0.0,2,0,0.0,2,1.0,2,1.0,0,0.0
-86.152,39.767,296,0,0.0,283,0.956081081081081,283,0.956081081081081,13,0.04391891891891892,7,0,0.0,5,0.7142857142857143,5,0.7142857142857143,2,0.2857142857142857
-86.152,39.7695,607,0,0.0,607,1.0,607,1.0,0,0.0,8,0,0.0,8,1.0,8,1.0,0,0.0
-86.152,39.771,250,0,0.0,250,1.0,250,1.0,0,0.0,6,0,0.0,6,1.0,6,1.0,0,0.0
-86.152,39.7715,46,0,0.0,46,1.0,46,1.0,0,0.0,1,0,0.0,1,1.0,1,1.0,0,0.0
-86.152,39.772,214,0,0.0,208,0.9719626168224299,208,0.9719626168224299,6,0.028037383177570093,7,0,0.0,5,0.7142857142857143,5,0.7142857142857143,2,0.2857142857142857
-86.152,39.7725,2060,0,0.0,2048,0.9941747572815534,2048,0.9941747572815534,12,0.005825242718446602,10,0,0.0,8,0.8,8,0.8,2,0.2
-86.152,39.773,368,0,0.0,368,1.0,368,1.0,0,0.0,5,0,0.0,5,1.0,5,1.0,0,0.0
-86.152,39.7735,2118,0,0.0,2046,0.9660056657223796,2046,0.9660056657223796,72,0.0339943342776204,20,0,0.0,14,0.7,14,0.7,6,0.3
-86.152,39.774,1319,0,0.0,1313,0.9954510993176648,1313,0.9954510993176648,6,0.004548900682335102,10,0,0.0,9,0.9,9,0.9,1,0.1
-86.152,39.7745,345,0,0.0,345,1.0,345,1.0,0,0.0,7,0,0.0,7,1.0,7,1.0,0,0.0
-86.152,39.775,490,0,0.0,485,0.9897959183673469,485,0.9897959183673469,5,0.01020408163265306,7,0,0.0,6,0.8571428571428571,6,0.8571428571428571,1,0.14285714285714285
-86.152,39.7755,816,0,0.0,778,0.9534313725490197,778,0.9534313725490197,38,0.04656862745098039,16,0,0.0,11,0.6875,11,0.6875,5,0.3125
-86.152,39.776,169,0,0.0,169,1.0,169,1.0,0,0.0,3,0,0.0,3,1.0,3,1.0,0,0.0
-86.152,39.7765,164,0,0.0,164,1.0,164,1.0,0,0.0,3,0,0.0,3,1.0,3,1.0,0,0.0
-86.152,39.777,177,0,0.0,177,1.0,177,1.0,0,0.0,3,0,0.0,3,1.0,3,1.0,0,0.0
-86.152,39.7775,750,0,0.0,750,1.0,750,1.0,0,0.0,5,0,0.0,5,1.0,5,1.0,0,0.0
-86.1515,39.7665,1007,0,0.0,1001,0.9940417080436942,1001,0.9940417080436942,6,0.005958291956305859,8,0,0.0,7,0.875,7,0.875,1,0.125
-86.1515,39.767,62,0,0.0,62,1.0,62,1.0,0,0.0,2,0,0.0,2,1.0,2,1.0,0,0.0
-86.1515,39.7695,335,0,0.0,335,1.0,335,1.0,0,0.0,6,0,0.0,6,1.0,6,1.0,0,0.0
-86.1515,39.771,225,0,0.0,225,1.0,225,1.0,0,0.0,4,0,0.0,4,1.0,4,1.0,0,0.0
-86.1515,39.7735,407,0,0.0,355,0.8722358722358723,355,0.8722358722358723,52,0.12776412776412777,7,0,0.0,6,0.8571428571428571,6,0.8571428571428571,1,0.14285714285714285
-86.1515,39.7775,1317,0,0.0,1277,0.9696279422930904,1277,0.9696279422930904,40,0.030372057706909643,16,0,0.0,10,0.625,10,0.625,6,0.375
-86.151,39.7665,2294,0,0.0,2289,0.9978204010462075,2289,0.9978204010462075,5,0.002179598953792502,7,0,0.0,6,0.8571428571428571,6,0.8571428571428571,1,0.14285714285714285
-86.151,39.767,40,0,0.0,40,1.0,40,1.0,0,0.0,1,0,0.0,1,1.0,1,1.0,0,0.0
-86.151,39.7695,852,0,0.0,841,0.9870892018779343,841,0.9870892018779343,11,0.012910798122065728,11,0,0.0,9,0.8181818181818182,9,0.8181818181818182,2,0.18181818181818182
-86.151,39.771,414,0,0.0,405,0.9782608695652174,405,0.9782608695652174,9,0.021739130434782608,6,0,0.0,5,0.8333333333333334,5,0.8333333333333334,1,0.16666666666666666
-86.151,39.7735,312,0,0.0,268,0.8589743589743589,268,0.8589743589743589,44,0.14102564102564102,7,0,0.0,6,0.8571428571428571,6,0.8571428571428571,1,0.14285714285714285
-86.151,39.7775,144,0,0.0,135,0.9375,135,0.9375,9,0.0625,5,0,0.0,4,0.8,4,0.8,1,0.2
-86.1505,39.7665,1427,0,0.0,1417,0.9929922915206727,1417,0.9929922915206727,10,0.00700770847932726,10,0,0.0,8,0.8,8,0.8,2,0.2
-86.1505,39.767,253,0,0.0,253,1.0,253,1.0,0,0.0,3,0,0.0,3,1.0,3,1.0,0,0.0
-86.1505,39.7675,208,0,0.0,208,1.0,208,1.0,0,0.0,3,0,0.0,3,1.0,3,1.0,0,0.0
-86.1505,39.768,398,0,0.0,381,0.957286432160804,381,0.957286432160804,17,0.04271356783919598,7,0,0.0,5,0.7142857142857143,5,0.7142857142857143,2,0.2857142857142857
-86.1505,39.7685,1040,0,0.0,1036,0.9961538461538462,1036,0.9961538461538462,4,0.0038461538461538464,5,0,0.0,4,0.8,4,0.8,1,0.2
-86.1505,39.769,1838,0,0.0,1834,0.9978237214363439,1834,0.9978237214363439,4,0.002176278563656148,10,0,0.0,9,0.9,9,0.9,1,0.1
-86.1505,39.7695,1578,0,0.0,1578,1.0,1578,1.0,0,0.0,9,0,0.0,9,1.0,9,1.0,0,0.0
-86.1505,39.77,397,0,0.0,397,1.0,397,1.0,0,0.0,5,0,0.0,5,1.0,5,1.0,0,0.0
-86.1505,39.7705,626,0,0.0,626,1.0,626,1.0,0,0.0,5,0,0.0,5,1.0,5,1.0,0,0.0
-86.1505,39.771,1612,0,0.0,1592,0.9875930521091811,1592,0.9875930521091811,20,0.01240694789081886,15,0,0.0,12,0.8,12,0.8,3,0.2
-86.1505,39.7715,612,0,0.0,604,0.9869281045751634,604,0.9869281045751634,8,0.013071895424836602,10,0,0.0,9,0.9,9,0.9,1,0.1
-86.1505,39.772,1078,0,0.0,1065,0.9879406307977736,1065,0.9879406307977736,13,0.012059369202226345,10,0,0.0,8,0.8,8,0.8,2,0.2
-86.1505,39.7725,758,0,0.0,753,0.9934036939313984,753,0.9934036939313984,5,0.006596306068601583,6,0,0.0,5,0.8333333333333334,5,0.8333333333333334,1,0.16666666666666666
-86.1505,39.773,1702,0,0.0,1702,1.0,1702,1.0,0,0.0,5,0,0.0,5,1.0,5,1.0,0,0.0
-86.1505,39.7735,2903,0,0.0,2854,0.9831209094040647,2854,0.9831209094040647,49,0.016879090595935238,14,0,0.0,11,0.7857142857142857,11,0.7857142857142857,3,0.21428571428571427
-86.1505,39.774,209,0,0.0,209,1.0,209,1.0,0,0.0,2,0,0.0,2,1.0,2,1.0,0,0.0
-86.1505,39.7745,211,0,0.0,211,1.0,211,1.0,0,0.0,2,0,0.0,2,1.0,2,1.0,0,0.0
-86.1505,39.775,209,0,0.0,209,1.0,209,1.0,0,0.0,2,0,0.0,2,1.0,2,1.0,0,0.0
-86.1505,39.7755,100,0,0.0,100,1.0,100,1.0,0,0.0,3,0,0.0,3,1.0,3,1.0,0,0.0
-86.1505,39.776,1,0,0.0,1,1.0,1,1.0,0,0.0,1,0,0.0,1,1.0,1,1.0,0,0.0
-86.1505,39.7775,169,0,0.0,160,0.9467455621301775,160,0.9467455621301775,9,0.05325443786982249,4,0,0.0,3,0.75,3,0.75,1,0.25
